-321.75518568010665
-0.5598721109181393
-2.118383022659479
-0.45028464335630786
-0.8217679389745893
-65.80106379619446
-0.2451001036184067
-0.009494261659359439
-659.4656850366792
-394.7077263156649
-3042.3473542281167
-20.6070308178873
-888.2753438858061
-123.40097916957589
-113.52583504089239
-154.38028304331286
-49.771581380091185
-55.37472876355348
-1728.3620045931004
-659.5176902375615
-598.2171646467599
-17.35571573344515
-17.744425682895905
-21.651289239378023
-69.49692590473285
-7.002673868767999
-12.76542893007829
-19.2594999643138
-3490.8479633021834
-1416.0382380177405
-761.8170239429633
-5403.2094739449
-2845.7321687528743
-2435.448798611007
-2553.923710974988
-12327.167752412977
-13215.20058682784
-1960.7018328353677
-1431.159032937585
-3767.613776638351
-6181.693780568343
-4000.071462600718
-11390.660293627914
-3046.0164202923816
-3376.841493925069
-2620.1485502764117
-7824.446448820948
-18627.023685155127
-1420.0377545591662
-1583.386705911091
-13995.142445261023
-5728.665209008117
-4534.458600044861
-2763.710368931942
-12491.169859551193
-2378.9250150108214
-1214.7461581825066
-17336.58659826512
-9650.402088128674
-17797.784939366276
-13631.588374923149
-1655.4527374677602
-2183.007118503329
-3244.0921612896373
-1140.7778669419536
-4716.48203844301
-1516.3115510068028
-1988.6606895949546
-1140.5974694738309
-11143.267747914417
-7546.193039906917
-1238.7308550716896
-17454.610212349235
-1397.8834683838672
-3107.0072095679384
-3084.3572596612835
-8787.142830153725
-8757.18409109085
-10669.231204452075
-4775.92704881313
-9238.89482287543
-8908.555234824857
-7977.144232517469
-2564.1229111371863
-9496.602914254938
-9745.86504021838
-2498.8906769365053
-2413.082468531945
-3317.305645630898
-12592.968050223928
-2678.712269573736
-3127.4597824789817
-4310.454930984585
-7605.223890776826
-3591.869616136899
-1378.7205778525872
-5467.578958366135
-2010.0707163551413
-9101.431400350326
-1382.1323186736495
