-1.8621104039433702
-2.078540093898773
-2.0789521074295045
-2.079138560295105
-2.07923659324646
-2.0792941355705263
-2.0793307876586913
-2.079355502128601
-2.0793728971481324
-2.079385735988617
-2.0793953204154967
-2.0794026350975034
-2.0794083499908447
-2.0794129371643066
-2.079416608810425
-2.0794196915626526
-2.0794222784042358
-2.079424479007721
-2.079426302909851
-2.0794278264045714
-2.079429166316986
-2.079430344104767
-2.0794314098358155
-2.0794323110580444
-2.0794331073760985
-2.0794339179992676
-2.079434566497803
-2.079435131549835
-2.079435646533966
-2.0794360661506652
-2.079436523914337
-2.0794369339942933
-2.0794372749328613
-2.079437553882599
-2.079437799453735
-2.0794380283355713
-2.07943825006485
-2.0794384479522705
-2.079438660144806
-2.079438829421997
-2.0794390177726747
-2.0794391775131227
-2.0794393491744994
-2.0794395351409913
-2.0794397354125977
-2.079439928531647
-2.079440040588379
-2.0794401240348814
-2.079440257549286
-2.079440379142761
-2.079440486431122
-2.0794405484199525
-2.0794405794143676
-2.0794406056404116
-2.07944066286087
-2.0794407415390013
-2.0794407868385316
-2.0794408178329467
-2.07944082736969
-2.079440829753876
-2.0794408345222473
-2.0794408774375914
-2.0794409561157225
-2.079441020488739
-2.079441039562225
-2.079441065788269
-2.0794410705566406
-2.079441068172455
-2.0794410705566406
-2.0794410705566406
-2.0794410705566406
-2.0794410729408264
-2.079441075325012
-2.079441101551056
-2.0794411492347717
-2.079441206455231
-2.079441256523132
-2.079441285133362
-2.079441294670105
-2.0794412994384768
-2.0794413042068483
-2.0794413042068483
-2.0794413089752197
-2.0794413089752197
-2.0794413089752197
-2.0794413113594055
-2.0794413113594055
-2.079441320896149
-2.0794413685798645
-2.079441421031952
-2.0794414710998534
-2.0794415068626404
-2.0794415283203125
-2.079441533088684
-2.0794415426254274
-2.0794415426254274
-2.079441545009613
-2.079441547393799
-2.079441547393799
-2.079441547393799
