-1.9828397456830862
-2.0794390559196474
-2.0794399857521055
-2.0794404911994935
-2.0794407868385316
-2.0794409823417666
-2.079441065788269
-2.0794411444664003
-2.0794412207603457
-2.0794412660598756
-2.079441285133362
-2.079441306591034
-2.0794413471221924
-2.079441397190094
-2.0794414496421814
-2.079441473484039
-2.07944149017334
-2.079441509246826
-2.0794415140151976
-2.079441523551941
-2.0794415283203125
-2.079441533088684
-2.079441537857056
-2.0794415402412416
-2.0794415426254274
-2.079441545009613
-2.0794415426254274
-2.079441545009613
-2.079441545009613
-2.079441545009613
-2.079441545009613
-2.079441545009613
-2.079441545009613
-2.079441545009613
-2.079441545009613
-2.079441545009613
-2.079441545009613
-2.079441545009613
-2.079441545009613
-2.079441547393799
-2.079441547393799
-2.079441547393799
-2.079441547393799
-2.079441547393799
-2.079441547393799
-2.079441547393799
-2.079441547393799
-2.079441547393799
-2.079441547393799
-2.079441547393799
-2.079441547393799
-2.079441547393799
-2.079441547393799
-2.079441547393799
-2.079441547393799
-2.079441547393799
-2.079441547393799
-2.079441547393799
-2.079441547393799
-2.079441547393799
-2.079441547393799
-2.079441547393799
-2.079441547393799
-2.079441547393799
-2.079441547393799
-2.079441547393799
-2.079441547393799
-2.079441547393799
-2.079441547393799
-2.079441547393799
-2.079441547393799
-2.079441547393799
-2.079441547393799
-2.079441547393799
-2.079441547393799
-2.079441547393799
-2.079441547393799
-2.079441547393799
-2.079441547393799
-2.079441547393799
-2.079441547393799
-2.079441547393799
-2.079441547393799
-2.079441547393799
-2.079441547393799
-2.079441547393799
-2.079441547393799
-2.079441547393799
-2.079441547393799
-2.079441547393799
-2.079441547393799
-2.079441547393799
-2.079441547393799
-2.079441547393799
-2.079441547393799
-2.079441547393799
-2.079441547393799
-2.079441547393799
-2.079441547393799
-2.079441547393799
