-2.062424889280551
-2.0794323047459775
-2.0794394257277613
-2.079440803918332
-2.0794411822152457
-2.0794414406164443
-2.0794415451057127
-2.0794415467836425
-2.0794415467836425
-2.0794415469361818
-2.0794415469361818
-2.0794415464785643
-2.0794415464785643
-2.0794415005643017
-2.079441547393799
-2.079441547393799
-2.079441547393799
-2.079441547393799
-2.079441547393799
-2.079441547393799
-2.079441547393799
-2.079441547393799
-2.079441547393799
-2.079441547393799
-2.079441547393799
-2.079441547393799
-2.079441547393799
-2.079441547393799
-2.079441547393799
-2.079441547393799
-2.079441547393799
-2.079441547393799
-2.079441547393799
-2.079441547393799
-2.079441547393799
-2.079441547393799
-2.079441547393799
-2.079441547393799
-2.079441547393799
-2.079441547393799
-2.079441547393799
-2.079441547393799
-2.079441547393799
-2.079441547393799
-2.079441547393799
-2.079441547393799
-2.079441547393799
-2.079441547393799
-2.079441547393799
-2.079441547393799
-2.079441547393799
-2.079441547393799
-2.079441547393799
-2.079441547393799
-2.079441547393799
-2.079441547393799
-2.079441547393799
-2.079441547393799
-2.079441547393799
-2.079441547393799
-2.079441547393799
-2.079441547393799
-2.079441547393799
-2.079441547393799
-2.079441547393799
-2.079441547393799
-2.079441547393799
-2.079441547393799
-2.079441547393799
-2.079441547393799
-2.079441547393799
-2.079441547393799
-2.079441547393799
-2.079441547393799
-2.079441547393799
-2.079441547393799
-2.079441547393799
-2.079441547393799
-2.079441547393799
-2.079441547393799
-2.079441547393799
-2.079441547393799
-2.079441547393799
-2.079441547393799
-2.079441547393799
-2.079441547393799
-2.079441547393799
-2.079441547393799
-2.079441547393799
-2.079441547393799
-2.079441547393799
-2.079441547393799
-2.079441547393799
-2.079441547393799
-2.079441547393799
-2.079441547393799
-2.079441547393799
-2.079441547393799
-2.079441547393799
-2.079441547393799
-2.079441547393799
-2.079441547393799
-2.079441547393799
-2.079441547393799
-2.079441547393799
-2.079441547393799
-2.079441547393799
-2.079441547393799
-2.079441547393799
-2.079441547393799
-2.079441547393799
-2.079441547393799
-2.079441547393799
-2.079441547393799
-2.079441547393799
-2.079441547393799
-2.079441547393799
-2.079441547393799
-2.079441547393799
-2.079441547393799
-2.079441547393799
-2.079441547393799
-2.079441547393799
-2.079441547393799
-2.079441547393799
-2.079441547393799
-2.079441547393799
-2.079441547393799
-2.079441547393799
-2.079441547393799
-2.079441547393799
-2.079441547393799
-2.079441547393799
-2.079441547393799
-2.079441547393799
-2.079441547393799
-2.079441547393799
-2.079441547393799
-2.079441547393799
-2.079441547393799
-2.079441547393799
-2.079441547393799
-2.079441547393799
-2.079441547393799
-2.079441547393799
-2.079441547393799
-2.079441547393799
-2.079441547393799
-2.079441547393799
-2.079441547393799
-2.079441547393799
-2.079441547393799
-2.079441547393799
-2.079441547393799
-2.079441547393799
-2.079441547393799
-2.079441547393799
-2.079441547393799
-2.079441547393799
-2.079441547393799
-2.079441547393799
-2.079441547393799
-2.079441547393799
-2.079441547393799
-2.079441547393799
-2.079441547393799
-2.079441547393799
-2.079441547393799
-2.079441547393799
-2.079441547393799
-2.079441547393799
-2.079441547393799
-2.079441547393799
-2.079441547393799
-2.079441547393799
-2.079441547393799
-2.079441547393799
-2.079441547393799
-2.079441547393799
-2.079441547393799
-2.079441547393799
-2.079441547393799
-2.079441547393799
-2.079441547393799
-2.079441547393799
-2.079441547393799
-2.079441547393799
-2.079441547393799
-2.079441547393799
-2.079441547393799
-2.079441547393799
-2.079441547393799
-2.079441547393799
-2.079441547393799
-2.079441547393799
-2.079441547393799
-2.079441547393799
-2.079441547393799
-2.079441547393799
-2.079441547393799
-2.079441547393799
-2.079441547393799
-2.079441547393799
-2.079441547393799
-2.079441547393799
-2.079441547393799
-2.079441547393799
-2.079441547393799
-2.079441547393799
-2.079441547393799
-2.079441547393799
-2.079441547393799
-2.079441547393799
-2.079441547393799
-2.079441547393799
-2.079441547393799
-2.079441547393799
-2.079441547393799
-2.079441547393799
-2.079441547393799
-2.079441547393799
-2.079441547393799
-2.079441547393799
-2.079441547393799
-2.079441547393799
-2.079441547393799
-2.079441547393799
-2.079441547393799
-2.079441547393799
-2.079441547393799
-2.079441547393799
-2.079441547393799
-2.079441547393799
-2.079441547393799
-2.079441547393799
-2.079441547393799
-2.079441547393799
-2.079441547393799
-2.079441547393799
-2.079441547393799
-2.079441547393799
-2.079441547393799
-2.079441547393799
-2.079441547393799
-2.079441547393799
-2.079441547393799
-2.079441547393799
-2.079441547393799
-2.079441547393799
-2.079441547393799
-2.079441547393799
-2.079441547393799
-2.079441547393799
-2.079441547393799
-2.079441547393799
-2.079441547393799
-2.079441547393799
-2.079441547393799
-2.079441547393799
-2.079441547393799
-2.079441547393799
-2.079441547393799
-2.079441547393799
-2.079441547393799
-2.079441547393799
-2.079441547393799
-2.079441547393799
-2.079441547393799
-2.079441547393799
-2.079441547393799
-2.079441547393799
-2.079441547393799
-2.079441547393799
-2.079441547393799
-2.079441547393799
-2.079441547393799
-2.079441547393799
-2.079441547393799
-2.079441547393799
-2.079441547393799
-2.079441547393799
-2.079441547393799
-2.079441547393799
-2.079441547393799
-2.079441547393799
-2.079441547393799
-2.079441547393799
-2.079441547393799
-2.079441547393799
-2.079441547393799
-2.079441547393799
-2.079441547393799
-2.079441547393799
-2.079441547393799
-2.079441547393799
-2.079441547393799
-2.079441547393799
-2.079441547393799
-2.079441547393799
-2.079441547393799
-2.079441547393799
-2.079441547393799
-2.079441547393799
-2.079441547393799
-2.079441547393799
-2.079441547393799
-2.079441547393799
-2.079441547393799
-2.079441547393799
-2.079441547393799
-2.079441547393799
-2.079441547393799
-2.079441547393799
-2.079441547393799
-2.079441547393799
-2.079441547393799
-2.079441547393799
-2.079441547393799
-2.079441547393799
-2.079441547393799
-2.079441547393799
-2.079441547393799
-2.079441547393799
-2.079441547393799
-2.079441547393799
-2.079441547393799
-2.079441547393799
-2.079441547393799
-2.079441547393799
-2.079441547393799
-2.079441547393799
-2.079441547393799
-2.079441547393799
-2.079441547393799
-2.079441547393799
-2.079441547393799
-2.079441547393799
-2.079441547393799
-2.079441547393799
-2.079441547393799
-2.079441547393799
-2.079441547393799
-2.079441547393799
-2.079441547393799
-2.079441547393799
-2.079441547393799
-2.079441547393799
-2.079441547393799
-2.079441547393799
-2.079441547393799
-2.079441547393799
-2.079441547393799
-2.079441547393799
-2.079441547393799
-2.079441547393799
-2.079441547393799
-2.079441547393799
-2.079441547393799
-2.079441547393799
-2.079441547393799
-2.079441547393799
-2.079441547393799
-2.079441547393799
-2.079441547393799
-2.079441547393799
-2.079441547393799
-2.079441547393799
-2.079441547393799
-2.079441547393799
-2.079441547393799
-2.079441547393799
-2.079441547393799
-2.079441547393799
-2.079441547393799
-2.079441547393799
-2.079441547393799
-2.079441547393799
-2.079441547393799
-2.079441547393799
-2.079441547393799
-2.079441547393799
-2.079441547393799
-2.079441547393799
-2.079441547393799
-2.079441547393799
-2.079441547393799
-2.079441547393799
-2.079441547393799
-2.079441547393799
-2.079441547393799
-2.079441547393799
-2.079441547393799
-2.079441547393799
-2.079441547393799
-2.079441547393799
-2.079441547393799
-2.079441547393799
-2.079441547393799
-2.079441547393799
-2.079441547393799
-2.079441547393799
-2.079441547393799
-2.079441547393799
-2.079441547393799
-2.079441547393799
-2.079441547393799
-2.079441547393799
-2.079441547393799
-2.079441547393799
-2.079441547393799
-2.079441547393799
-2.079441547393799
-2.079441547393799
-2.079441547393799
-2.079441547393799
-2.079441547393799
-2.079441547393799
-2.079441547393799
-2.079441547393799
-2.079441547393799
-2.079441547393799
-2.079441547393799
-2.079441547393799
-2.079441547393799
-2.079441547393799
-2.079441547393799
-2.079441547393799
-2.079441547393799
-2.079441547393799
-2.079441547393799
-2.079441547393799
-2.079441547393799
-2.079441547393799
-2.079441547393799
-2.079441547393799
-2.079441547393799
-2.079441547393799
-2.079441547393799
-2.079441547393799
-2.079441547393799
-2.079441547393799
-2.079441547393799
-2.079441547393799
-2.079441547393799
-2.079441547393799
-2.079441547393799
-2.079441547393799
-2.079441547393799
-2.079441547393799
-2.079441547393799
-2.079441547393799
-2.079441547393799
-2.079441547393799
-2.079441547393799
-2.079441547393799
-2.079441547393799
-2.079441547393799
-2.079441547393799
-2.079441547393799
-2.079441547393799
-2.079441547393799
-2.079441547393799
-2.079441547393799
-2.079441547393799
-2.079441547393799
-2.079441547393799
-2.079441547393799
-2.079441547393799
-2.079441547393799
-2.079441547393799
-2.079441547393799
-2.079441547393799
-2.079441547393799
-2.079441547393799
-2.079441547393799
-2.079441547393799
-2.079441547393799
-2.079441547393799
-2.079441547393799
-2.079441547393799
-2.079441547393799
-2.079441547393799
-2.079441547393799
-2.079441547393799
-2.079441547393799
-2.079441547393799
-2.079441547393799
-2.079441547393799
-2.079441547393799
-2.079441547393799
-2.079441547393799
-2.079441547393799
-2.079441547393799
-2.079441547393799
-2.079441547393799
-2.079441547393799
-2.079441547393799
-2.079441547393799
-2.079441547393799
-2.079441547393799
