-1.9699611070076934
-2.0794405794143676
-2.0794408965110778
-2.07944105386734
-2.0794411635398866
-2.0794412422180177
-2.0794412875175476
-2.079441306591034
-2.079441351890564
-2.079441409111023
-2.079441473484039
-2.079441511631012
-2.079441530704498
-2.0794415402412416
-2.0794415402412416
-2.079441545009613
-2.079441547393799
-2.079441547393799
-2.079441547393799
-2.079441547393799
-2.079441547393799
-2.079441547393799
-2.079441547393799
-2.079441547393799
-2.079441547393799
-2.079441547393799
-2.079441547393799
-2.079441547393799
-2.079441547393799
-2.079441547393799
-2.079441547393799
-2.079441547393799
-2.079441547393799
-2.079441547393799
-2.079441547393799
-2.079441547393799
-2.079441547393799
-2.079441547393799
-2.079441547393799
-2.079441547393799
-2.079441547393799
-2.079441547393799
-2.079441547393799
-2.079441547393799
-2.079441547393799
-2.079441547393799
-2.079441547393799
-2.079441547393799
-2.079441547393799
-2.079441547393799
-2.079441547393799
-2.079441547393799
-2.079441547393799
-2.079441547393799
-2.079441547393799
-2.079441547393799
-2.079441547393799
-2.079441547393799
-2.079441547393799
-2.079441547393799
-2.079441547393799
-2.079441547393799
-2.079441547393799
-2.079441547393799
-2.079441547393799
-2.079441547393799
-2.079441547393799
-2.079441547393799
-2.079441547393799
-2.079441547393799
-2.079441547393799
-2.079441547393799
-2.079441547393799
-2.079441547393799
-2.079441547393799
-2.079441547393799
-2.079441547393799
-2.079441547393799
-2.079441547393799
-2.079441547393799
-2.079441547393799
-2.079441547393799
-2.079441547393799
-2.079441547393799
-2.079441547393799
-2.079441547393799
-2.079441547393799
-2.079441547393799
-2.079441547393799
-2.079441547393799
-2.079441547393799
-2.079441547393799
-2.079441547393799
-2.079441547393799
-2.079441547393799
-2.079441547393799
-2.079441547393799
-2.079441547393799
-2.079441547393799
-2.079441547393799
