-13.333225236207364
-15.33008734703064
-15.83264370918274
-15.832365255355835
-16.159496564865112
-15.777722806930543
-15.993586959838867
-16.286136951446533
-16.12054913520813
-16.30303198814392
-16.15752778053284
-16.374034223556517
-16.300805616378785
-16.05489938735962
-16.36877299308777
-16.141065950393678
-16.255216693878175
-16.465965900421143
-16.339714460372925
-16.43448377609253
-16.46820990562439
-16.276986246109008
-15.990374622344971
-16.420829734802247
-16.449772634506225
-16.38200354576111
-16.183165111541747
-16.3877087020874
-16.503123340606688
-16.527236423492432
-16.528635091781616
-15.803663272857666
-15.957481193542481
-15.626611242294311
-15.74404938697815
-15.700866956710815
-15.869568614959716
-15.849569416046142
-16.13197512626648
-16.103803672790526
-16.188050947189332
-16.269176511764528
-16.326384325027465
-16.341261920928954
-16.11704810142517
-16.411966791152953
-16.295931510925293
-16.283315858840943
-16.03026753425598
-15.841393375396729
-15.434853467941284
-15.749901418685914
-15.949705686569214
-15.781417942047119
-15.896264925003052
-15.829643545150757
-16.27984987258911
-16.309493789672853
-16.289619045257567
-15.97365849494934
-16.23902543067932
-16.09679479598999
-16.177357139587404
-16.14478856086731
-16.475282983779906
-16.01407642364502
-15.551771926879884
-16.007799015045165
-15.988799552917481
-16.10087001800537
-16.24070511817932
-16.339292678833008
-16.45578685760498
-16.07397915840149
-16.02021806716919
-16.37449507713318
-16.374051656723022
-16.18387865066528
-16.32274248123169
-16.4291921710968
-16.392125453948974
-16.42254222869873
-16.248066635131835
-16.336714115142822
-16.294468231201172
-16.28141631126404
-16.146898193359377
-16.295770082473755
-16.334244956970213
-16.385489730834962
-16.43768454551697
-16.358065948486328
-15.387752523422241
-16.266651821136474
-16.510605516433717
-16.39044898033142
-16.367492485046387
-16.2742786026001
-16.043137550354004
-16.02565519332886
-16.362975778579713
-16.256419715881346
-16.498391008377077
-16.475893392562867
-16.188078203201293
-16.364521665573122
-16.327507486343382
-16.24610251426697
-16.374323768615724
-16.395238819122316
-16.426181316375732
-16.487160243988036
-16.374076690673828
-16.406065130233763
-16.440729560852052
-16.468105545043944
-16.261006088256835
-16.1456046295166
-16.21509747505188
-15.886811752319336
-16.02613883972168
-15.37073335647583
-15.631299896240234
-16.064453372955324
-15.848336906433106
-16.32829831123352
-16.238262882232664
-15.903327484130859
-1.6560821017927183
-9.545859424174614e-06
-1.3524375475158423e-05
-6.008899770239653e-06
-1.2195408961199008e-05
-5.5048293088434265e-06
-1.0974515553784765e-05
-9.014254413291026e-06
-1.2362586921835592e-05
-1.3108058860412057e-05
-1.3227169894976433e-05
-8.697050687073731e-06
-8.919021682045076e-06
-1.4776531883349337e-05
-1.5356128787330077e-05
-2.594995828844311e-06
-6.287569677028423e-06
-1.6743404877906936e-05
-2.1552526497357775e-05
-6.5208538302112095e-06
-1.0657239408005398e-05
-1.2027278412911493e-05
-1.3548479595597061e-05
-1.3739858453250473e-05
-1.3703934774589215e-05
-1.1216710716367e-05
-9.968602963676633e-06
-1.149442240227516
-7.947890105247498
-12.925697078704834
-13.070146999359132
-13.781941452026366
-13.623157320022584
-14.475267343521118
-14.610536317825318
-14.167022409439086
-14.876525812149048
-14.76010850906372
-14.44316888809204
-14.94857087135315
-14.624132804870605
-14.582021789550781
-14.586764678955078
-14.751324710845948
-14.394086399078368
-14.165699520111083
-14.391782550811767
-15.15004165649414
-14.944136514663697
-14.953940505981445
-13.64344988822937
-15.490784492492676
-15.548721895217895
-15.132965574264526
-13.983124904632568
-14.871393356323242
-15.534247150421143
-14.99776879310608
-14.842209873199463
-14.01448811531067
-12.391583051681518
-11.898166942596436
-14.193878955841065
-13.409999189376832
-15.247811851501465
-15.645158233642578
-15.589241647720337
-14.638203887939452
-15.642873620986938
-15.292285585403443
-15.594961309432984
-15.62882610321045
-15.376699123382569
-15.535171909332275
-15.727399082183839
-15.800882263183594
-15.445407466888428
-15.69380527496338
-15.546623687744141
-15.76171378135681
-15.847160339355469
-15.800182933807372
-15.881769132614135
-15.935586004257202
-15.93020917892456
-15.705398874282837
-15.88594708442688
-16.111806163787843
-15.919485168457031
-15.724159536361695
-15.386575565338134
-15.857219171524047
-15.297996387481689
-15.688123168945312
-15.618195934295654
-15.761338195800782
-15.73267472267151
-15.677365589141846
-15.904691095352172
-15.833886699676514
-15.877424564361572
-15.765923023223877
-15.983666219711303
-15.848519382476807
-15.782037515640258
-16.001252088546753
-16.169355278015136
-15.987852334976196
-15.703734455108643
-15.619809703826904
-15.676479501724243
-16.111957206726075
-15.913574848175049
-15.735654973983765
-16.06311505317688
-15.907815608978272
-16.160605487823485
-16.129714670181276
-16.097041645050048
-15.510580549240112
-16.05834185600281
-15.71543791770935
-16.093052625656128
-15.912580823898315
-16.193404531478883
-16.302696619033814
-16.245806856155397
-16.027145652770997
-16.10891529083252
-14.939916362762451
-14.838489828109742
-14.709905309677124
-15.475545635223389
-16.25532380104065
-15.84491515159607
-15.439403266906739
-15.911048278808593
-15.363794059753419
-16.277971782684325
-15.819234828948975
-15.823641452789307
-15.223504543304443
-15.154977445602418
-14.548460083007813
-14.62751103401184
-15.914104862213135
-16.1513272190094
-15.780675563812256
-15.811229343414306
-15.708331146240234
-15.633161668777467
-15.786433267593384
-15.000278186798095
-13.641601648330688
-14.877441434860229
-15.268587703704833
-15.900856704711915
-16.272024993896483
-15.825606727600098
-16.191929426193237
-16.284531955718993
-15.99464542388916
-15.673339805603028
-15.497946386337281
-15.632483940124512
-15.880742053985596
-16.14869299888611
-16.07969500541687
-16.283453769683838
-16.322642316818236
-16.2266233253479
-16.328799257278444
-16.286316595077516
-14.909174299240112
-14.060658130645752
-13.42746072769165
-14.48572021484375
-16.389078893661498
-16.380698804855346
-16.333387689590452
-15.898428659439087
-15.963956365585327
-15.851495847702026
-15.843809843063354
-15.969517154693603
-16.337847900390624
-15.813260040283204
-15.72141767501831
-15.994917182922363
-16.020769777297975
-15.929593801498413
-16.13516863822937
-16.13924684524536
-16.09252879142761
-16.21832865715027
-15.790374412536622
-16.022991485595703
-16.086571865081787
-15.545171175003052
-15.016659288406371
-15.749834423065186
-15.68050295829773
-15.803161039352418
-15.974774589538574
-16.215092430114748
-16.006212368011475
-16.021743955612184
-16.119822683334352
-16.10110589981079
-16.116626300811767
-16.175651626586912
-16.26708330154419
-15.697110633850098
-15.94272554397583
-16.222318983078004
-16.201301746368408
-15.731699695587158
-16.19425340652466
-16.15955481529236
-16.036203689575196
-15.936852865219116
-16.062524642944336
-16.10868281364441
-16.11731978416443
-16.098543663024902
-15.817466039657592
-15.643081274032593
-15.836444091796874
-15.756098384857177
-15.826779565811158
-15.829261512756348
-15.797723608016968
-15.542179899215698
-15.923985452651978
-15.849770631790161
-15.657327919006347
-14.989704208374024
-15.907676649093627
-16.099148092269896
-16.15035774230957
-16.106606712341307
-16.082551412582397
-16.294190759658814
-16.315646629333497
-16.3437158203125
-16.36621774673462
-16.430432271957397
-16.16923162460327
-15.94766396522522
-16.175745916366576
-15.943678464889526
-16.114581184387205
-16.375915079116822
-16.278582038879396
-16.167202310562132
-15.712950811386108
-15.588370599746703
-16.1290673828125
-16.271458711624145
-16.1777121925354
-16.250417976379396
-15.979380884170531
-15.54824005126953
-15.334571361541748
-14.537013473510742
-15.839549074172973
-16.06943479537964
-15.864868268966674
-15.502845802307128
-15.55220537185669
-16.260331087112426
-16.362031745910645
-16.169753580093385
-15.44681134223938
-15.914496479034424
-15.475665130615234
-15.536829471588135
-14.923605041503906
-14.856920862197876
-15.246196756362915
-15.648484163284301
-16.113684091567993
-16.08576413154602
-15.014594593048095
-15.34630578994751
-15.652497291564941
-15.805712575912475
-14.898628768920899
-15.28701756477356
-15.281682510375976
-15.831490755081177
-16.239464426040648
-16.437852535247803
-16.318702468872072
-16.220842914581297
-16.263880453109742
-16.239259605407714
-15.989999656677247
-15.403467416763306
-15.873336248397827
-15.863571853637696
-15.174477729797363
-16.27531979560852
-16.369692153930664
-16.26214186668396
-16.282335138320924
-14.714811906814575
-15.55657841682434
-16.23113899230957
-16.49198968887329
-16.454593620300294
-16.432101497650148
-16.468366804122926
-16.447342233657835
-16.053810119628906
-15.838868789672851
-15.146070013046264
-15.646181964874268
-15.358362722396851
-15.588004913330078
-15.843121604919434
-16.39532862663269
-16.253299837112426
-15.363352642059326
-15.55110026359558
-16.024223384857176
-16.409146966934205
-16.32970036506653
-16.21993507385254
-16.157139978408814
-16.131299591064455
-15.995785388946533
-15.95963828086853
-16.116352977752687
-16.08026906967163
-15.684619607925415
-14.872800788879395
-15.500293159484864
-15.744023246765137
-15.980329036712646
-15.974625692367553
-16.153954248428345
-16.179850606918336
-16.052958021163942
-15.847760553359985
-16.086140213012694
-16.255020961761474
-16.26284634590149
-16.332509784698487
-16.25111762046814
-16.267601709365845
-16.201551275253294
-16.171427211761475
-16.25957794189453
-16.370032634735107
-16.265201377868653
-16.19601179122925
-15.998637599945068
-16.01568904876709
-16.134984369277955
-16.15088300704956
-15.54605598449707
-15.631336164474487
-16.143427629470825
-15.933644905090333
-16.401184949874878
-16.43802899360657
-16.24596764564514
-15.918968505859375
-16.188700122833254
-16.27271436691284
-16.137511920928954
-16.139247055053712
-16.253154907226563
-16.26841245651245
-16.02635304450989
-16.15793529510498
-16.083172388076783
-15.878484172821045
-15.609542655944825
-15.933560981750489
-16.198882932662965
-16.092905511856078
-15.978236265182495
-16.08653805732727
-16.01538151741028
-16.036682891845704
-16.332066164016723
-16.362108011245727
-16.383595361709595
-16.035850095748902
-15.812015266418458
-16.271438388824464
-16.314693269729613
-16.253455495834352
-16.270817642211913
-16.243309488296507
-16.34592435836792
-16.44215711593628
-16.38784775733948
-16.24733448982239
-16.204117727279662
-16.16675337791443
-16.212761688232423
-15.468129911422729
-15.152772645950318
-15.846527147293092
-16.15507444381714
-16.074487266540526
-16.27005913734436
-16.413699531555174
-16.382312660217284
-16.21422656059265
-16.317471017837523
-16.22220527648926
-16.270450105667113
-16.236147651672365
-16.153595523834227
-16.113975238800048
-15.91066710472107
-15.684250555038453
-15.72424813270569
-15.90284893989563
-15.902319898605347
-15.614662504196167
-15.946090307235718
-15.933115720748901
-15.438830080032348
-15.30358076095581
-16.082898759841918
-16.30098063468933
-16.416381797790528
-16.338360366821288
-16.34670380592346
-16.15545192718506
-16.070701446533203
-16.260045890808104
-16.14476842880249
-16.16750419616699
-16.318791856765746
-16.29331545829773
-16.281824235916137
-16.380072355270386
-16.234453239440917
-16.264843225479126
-15.449002380371093
-15.839568367004395
-15.653782835006714
-16.23638458251953
-16.390189008712767
-16.009913358688355
-15.387661905288697
-15.7894393825531
-15.753880348205566
-16.005207681655882
-16.01788969039917
-15.803013114929199
-15.292722454071045
-14.077148685455322
-14.939509992599488
-15.145675935745238
-15.208093090057373
-15.231787385940551
-15.66214867591858
-15.690107774734496
-15.115509805679322
-15.24034465789795
-15.503757514953612
-16.01729444503784
-16.191944818496705
-16.16971043586731
-15.540325613021851
-15.428722019195556
-15.757852239608765
-15.70249324798584
-15.92987961769104
-15.803218421936036
-16.10093252182007
-15.89793586730957
-16.019846868515014
-16.155582036972046
-16.39005241394043
-16.40345772743225
-16.08300889968872
-16.133617000579832
-16.128684701919557
-16.329496126174927
-16.38383397102356
-16.326809635162352
-16.149923276901244
-15.398813333511352
-15.053030366897582
-14.289699544906616
-14.130750722885132
-14.976416749954224
-15.288407039642333
-15.362497291564942
-15.768869552612305
-15.089264125823975
-15.055249557495117
-15.03009934425354
-15.199884424209595
-15.302973794937134
-15.555188789367676
-15.774340877532959
-15.644246301651002
-15.258370580673217
-15.170039167404175
-15.637997045516968
-15.30520604133606
-15.30184178352356
-15.850098752975464
-16.012414178848267
-15.855802574157714
-16.246640529632568
-16.289585437774658
-16.212078504562378
-15.94614860534668
-16.168864612579345
-16.12701858520508
-16.058795442581175
-15.989492654800415
-16.13943434715271
-16.23303966522217
-16.182447490692137
-16.01080270767212
-16.229208984375
-16.30538161277771
-15.964926023483276
-15.62332908630371
-15.263380069732666
-15.639801063537597
-15.621259899139405
-15.646877193450928
-15.270142889022827
-15.541499681472779
-15.36088523864746
-15.731917982101441
-16.212069177627562
-16.04497845649719
-15.554807748794556
-16.15823247909546
-15.839884328842164
-16.09075125694275
-16.263832273483278
-16.140477561950682
-15.982907676696778
-15.557684993743896
-14.13243288040161
-14.765115594863891
-15.694157762527466
-15.584168395996095
-16.028938074111938
-15.45250654220581
-15.174134569168091
-15.265434646606446
-15.206893796920776
-15.895634746551513
-16.203078317642213
-16.26006043434143
-16.008373937606812
-16.182100009918212
-16.020830354690553
-15.16352705001831
-15.37437539100647
-15.763079862594605
-16.26623041152954
-16.367290172576904
-16.18824194908142
-16.004916820526123
-15.79201786994934
-16.290825510025023
-16.323545055389403
-16.342406234741212
-16.415507764816283
-16.298521127700806
-16.445103902816772
-16.450602312088012
-16.270150985717773
-16.27435326576233
-16.253727865219116
-16.449143142700194
-16.52938817024231
-16.503855781555174
-16.561677131652832
-16.565945978164674
-16.4122945022583
-16.55008159637451
-16.43448758125305
-16.569825611114503
-16.508613834381105
-16.353283195495607
-16.192737913131715
-16.440030574798584
-16.45482690811157
-16.49089630126953
-16.516627941131592
-16.462842950820924
-16.288692979812623
-16.29508056640625
-16.607774982452394
-16.350801210403443
-16.44133448600769
-16.501085748672484
-16.517155666351318
-16.431886463165284
-16.44774091720581
-16.412463054656982
-16.45861400604248
-16.380190773010256
-16.54249277114868
-16.572519817352294
-16.53680772781372
-16.41881145477295
-16.480943279266356
-16.46817254066467
-16.532008304595948
-16.501704692840576
-16.386820573806762
-16.476738357543944
-16.34290365219116
-16.077292728424073
-16.33353994369507
-16.23607467651367
-14.321507230997085
-0.004607472300440551
-1.0010273026020501e-07
-1.0010272998729303e-07
-7.007197208909016e-08
-7.007197095222178e-08
-9.009247773351486e-08
-8.008222234204355e-08
-9.009247686955847e-08
-7.007197181617818e-08
-9.009247686955847e-08
-1.2012323704149809e-07
-9.009247573269009e-08
-1.201232359046297e-07
-1.1011298337793957e-07
-9.009247659664648e-08
-1.0010273026020501e-07
-7.007197208909016e-08
-1.0010272798646825e-07
-9.009247573269009e-08
-1.1011298251398317e-07
-1.1011298137711479e-07
-9.009247800642685e-08
-1.401437415490544e-07
-9.009247573269009e-08
-1.2012323704149809e-07
-8.008222461578031e-08
-9.009247659664648e-08
-1.1011298137711479e-07
-8.008222234204355e-08
-7.00719698153534e-08
-9.009247686955847e-08
-1.0010272798646825e-07
-8.008222320599994e-08
-1.0010272798646825e-07
-9.009247573269009e-08
-1.0010273026020501e-07
-1.5015399493970096e-07
-8.008222234204355e-08
-1.1011298251398317e-07
-9.009247714247045e-08
-8.008222234204355e-08
-1.201232359046297e-07
-1.2012323476776133e-07
-1.1011298137711479e-07
-1.0010273026020501e-07
-1.0010273026020501e-07
-6.006171756157524e-08
-8.008222461578031e-08
-8.008222320599994e-08
-1.401437415490544e-07
-1.3013349043214464e-07
-7.007197095222178e-08
-1.0010273026020501e-07
-8.008222234204355e-08
-1.0010272798646825e-07
-8.008222320599994e-08
-1.0010273026020501e-07
-9.009247573269009e-08
-1.1011298137711479e-07
-7.007197208909016e-08
-9.009247573269009e-08
-9.009247573269009e-08
-9.009247573269009e-08
-8.008222234204355e-08
-7.007197208909016e-08
-7.007197008826539e-08
-1.1011298365085155e-07
-6.006171756157524e-08
-1.8210529273633252e-07
-8.008222234204355e-08
-1.2012323476776133e-07
-9.009247573269009e-08
-8.008222347891193e-08
-1.1011298251398317e-07
-1.1011298478771992e-07
-6.006171756157524e-08
-1.0010272912333663e-07
-1.0010273026020501e-07
-7.007197095222178e-08
-1.0010272912333663e-07
-1.3013348815840788e-07
-9.009247573269009e-08
-9.009247659664648e-08
-1.1011298251398317e-07
-5.00514641709287e-08
-9.009247573269009e-08
-1.3013348815840788e-07
-1.2012323704149809e-07
-1.3013348843131986e-07
-1.0010272912333663e-07
-9.009247573269009e-08
-1.0010272912333663e-07
-1.0010273026020501e-07
-1.1011298137711479e-07
-1.6016424746639108e-07
-7.007197008826539e-08
-6.006171756157524e-08
-8.008222461578031e-08
-1.1011298137711479e-07
-9.009247573269009e-08
-9.009247686955847e-08
-9.009247573269009e-08
-9.009247573269009e-08
-1.0010272912333663e-07
-6.006171756157524e-08
-6.006171756157524e-08
-9.009247573269009e-08
-1.1011298137711479e-07
-1.1011298137711479e-07
-7.007197008826539e-08
-9.009247659664648e-08
-1.0010272912333663e-07
-7.007197208909016e-08
-1.0010273026020501e-07
-1.201232359046297e-07
-1.6016424833034749e-07
-9.009247773351486e-08
-6.006171842553164e-08
-9.946437298205624e-08
-9.009247573269009e-08
-8.008222234204355e-08
-9.009247573269009e-08
-7.007197095222178e-08
-5.00514650348851e-08
-1.2012323704149809e-07
-9.009247573269009e-08
-9.009247573269009e-08
-9.009247573269009e-08
-9.009247486873369e-08
-8.008222234204355e-08
-1.401437415490544e-07
-1.0010272798646825e-07
-1.401437415490544e-07
-1.3013348815840788e-07
-8.008222461578031e-08
-9.009247686955847e-08
-8.008222234204355e-08
-6.006171756157524e-08
-1.1011298137711479e-07
-8.008222234204355e-08
-1.401437415490544e-07
-0.0005771892261989419
-0.0011543053488943693
-0.0011543353580975159
-0.0005772277539053847
-0.0011542953170842268
-0.0011542953278626004
-0.0005771977123662904
-0.0011542752965791726
-0.0011543153375927363
-0.0005772177328739361
-0.0017313728846613196
-0.0011543053165609695
-0.0010100334238017632
-0.0011542853225287157
-0.0010100534335310322
-0.0017314329040095306
-0.0011543453899070693
-0.0011543554109368324
-0.0005771977123662906
-0.001154295301388077
-0.0011543153591460338
-0.0011543153326715042
-0.0011543153326715055
-0.0011542853068316969
-0.0011542752858007958
-0.0011543353316232597
-0.000577237753380717
-0.0011543453634325397
-0.0011542952906096978
-0.0011543053273393449
-0.001587111017853385
-0.000577227738206096
-0.0005772377641582296
-0.0015871010076011272
-0.00101006344378442
-0.0011543453683500427
-0.0011542853176100733
-0.0017313828949167098
-0.001154265302022797
-0.0011543453634325419
-0.0011543353688761636
-0.0011543253370666126
-0.001154315343449879
-0.0011543653839372447
-0.9094621335608332
-0.003713620908103429
-0.003280646092675846
-0.0031745437193927456
-0.0031363642318356973
-0.003318785624504693
-0.00431338747221111
-0.00227079439473018
-0.004290581333240737
-0.003369485633319024
-0.0028706857196979818
-0.0036309837457852512
-0.004290599442987863
-0.0034250800101000047
-0.0036074613983464003
-0.0028860907011948383
-0.004723423830591531
-0.0037518224261702793
-0.004617232102245037
-0.0032357098222822846
-0.004184658864737085
-0.047159758719766104
-1.2741672613983357
-14.43614031791687
-13.369623785018922
-14.37884861946106
-15.25120662689209
-15.292383527755737
-15.30615797996521
-15.113952875137329
-15.027065057754516
-15.522592506408692
-15.46132459640503
-15.238284673690796
-15.017497606277466
-15.636797409057618
-15.569061117172241
-15.653635950088502
-15.594776315689087
-15.293393955230712
-15.62143165588379
-15.674655990600586
-15.508637351989746
-15.521397333145142
-15.623111734390259
-15.301692247390747
-15.389135704040527
-15.51864252090454
-15.696634588241578
-15.742898960113525
-15.64466516494751
-15.708679218292236
-15.717084589004516
-15.776144161224366
-15.75378101348877
-15.75804642677307
-15.126572818756104
-15.107099246978759
-15.00590841293335
-14.514652147293091
-14.945898609161377
-15.124170379638672
-15.495214519500733
-15.614109973907471
-15.71822374343872
-15.725040321350098
-15.78008155822754
-15.803443517684936
-15.835871963500976
-15.689761667251586
-15.55055245399475
-15.719588232040405
-15.713773641586304
-15.730122985839843
-15.487719888687133
-15.634933071136475
-15.782338151931762
-15.71036148071289
-15.463558406829835
-15.482379846572876
-15.607862358093263
-15.766888942718506
-15.760197296142579
-15.54932373046875
-15.615842266082764
-15.701743183135987
-15.823764057159424
-15.753597326278687
-15.768800449371337
-15.626310071945191
-15.538935480117798
-15.387603988647461
-15.673640193939208
-15.703543872833253
-15.747644729614258
-15.628317623138427
-15.688699893951416
-15.799619779586791
-15.699324884414672
-15.387100763320923
-15.44471399307251
-15.731210327148437
-15.448048038482666
-15.100792293548585
-15.347220134735107
-15.406960210800172
-15.53948136329651
-15.259948816299438
-15.014819688796997
-14.603028869628906
-15.29199912071228
-15.20934045791626
-14.78423692703247
-14.984626665115357
-15.032202816009521
-14.95251950263977
-13.840629997253417
-14.247239427566528
-15.332605075836181
-15.220400552749634
-15.39919285774231
-15.379432592391968
-15.005837297439575
-14.559067993164062
-15.085441064834594
-14.775374717712403
-14.564264430999756
-15.412424306869507
-15.828662643432617
-16.11768292427063
-16.157194995880126
-16.084048128128053
-16.097057361602783
-16.068775453567504
-16.16980814933777
-16.024009733200074
-15.12643419265747
-14.385152359008789
-12.95902705192566
-12.906813077926635
-14.2627250289917
-15.008179626464845
-15.548488492965697
-15.719075536727905
-15.637835636138917
-15.203299045562744
-15.023104496002198
-14.38850790977478
-14.98250970840454
-15.595476102828979
-15.761273698806763
-15.809618558883667
-15.972051172256469
-16.11872049331665
-16.169815368652344
-16.13865659713745
-16.413287868499754
-16.22808494567871
-16.233295450210573
-16.297604188919067
-16.407471408843993
-16.419096689224244
-16.47972364425659
-16.24749897003174
-15.77336181640625
-15.802806358337403
-15.862070302963257
-16.278069829940797
-16.377760248184202
-15.798737659454346
-16.096111783981325
-16.074708967208863
-16.13486581802368
-15.98607011795044
-15.63868857383728
-15.799403800964356
-16.024076566696166
-16.103574676513674
-15.930320854187011
-16.212572832107544
-16.148859214782714
-16.07207576751709
-15.962606287002563
-15.996184587478638
-15.81733136177063
-15.484020357131959
-15.640604047775268
-15.464142408370972
-15.762700996398927
-16.326351633071898
-16.31764150619507
-16.347748851776124
-16.256002130508424
-15.499920387268066
-15.20983868598938
-11.413270831108093
-10.847631402015686
-14.181656646728516
-13.64733780860901
-14.247906131744385
-14.785430126190185
-15.033543329238892
-15.373642492294312
-15.50763816833496
-15.577438631057738
-15.38652424812317
-15.19617922782898
-15.140505447387696
-15.232720546722412
-15.44327184677124
-15.512693939208985
-15.694336338043213
-15.807267389297486
-15.708419227600098
-15.586481714248658
-15.731150388717651
-15.886046123504638
-15.998025684356689
-16.127626552581788
-15.203335628509521
-15.178907566070556
-15.307449827194214
-14.69527928352356
-14.345546045303344
-15.48532790184021
-15.880399227142334
-15.648355617523194
-15.262673892974853
-15.550601358413696
-15.467633934020997
-15.765059127807618
-15.800212774276734
-15.907639036178589
-15.96699652671814
-16.01560128211975
-16.016438436508178
-16.02796142578125
-16.003059616088866
-16.05931347846985
-16.071520853042603
-15.9937242603302
-16.026608600616456
-16.000196990966796
-15.804317846298218
-16.104267501831053
-16.09940634727478
-15.962150650024414
-15.946080656051636
-16.06822808265686
-16.14888098716736
-15.793770666122436
-16.193883972167967
-16.23038113594055
-16.243169107437133
-16.24933304786682
-16.126173238754273
-16.146888580322265
-16.19190505027771
-16.15141396522522
-15.913857345581055
-15.729482288360595
-16.122026023864745
-16.159055833816527
-15.963926372528077
-16.058957862854005
-16.18462908744812
-16.31160256385803
-16.110047540664674
-16.178546590805055
-16.365798587799073
-16.558650226593016
-16.43919807434082
-16.445263586044312
-16.509888830184938
-16.311142711639405
-15.703753566741943
-15.013027267456055
-14.835003280639649
-16.14551032066345
-15.995252695083618
-16.00494465827942
-16.16341178894043
-16.133657779693603
-16.178299055099487
-16.031486196517946
-15.972250413894653
-16.212401027679444
-16.218697748184205
-16.277813301086425
-16.298472805023195
-16.301420106887818
-16.14206654548645
-16.115750761032103
-16.213875942230224
-16.308838367462158
-16.107906045913698
-16.03065050125122
-16.068901662826537
-16.087487907409667
-11.089019038677215
-1.4460667415708304
-0.1650882583546014
-0.12700915348735198
-0.13036279270750004
-7.1801136660685465
-14.868600406646728
-15.407920761108398
-15.717139387130738
-15.800163822174072
-15.994839658737183
-16.245545797348022
-16.384645805358886
-16.362893505096437
-16.205088481903076
-16.2499697303772
-16.277059745788574
-16.240588541030885
-16.11597041130066
-16.12907741546631
-16.03999032974243
-16.236661615371705
-16.20012762069702
-16.309137334823607
-16.20868169784546
-16.243919992446898
-16.226305713653563
-16.240583066940307
-16.015647068023682
-15.92206356048584
-15.729648408889771
-15.73017412185669
-15.924411144256592
-15.910542879104614
-15.95818221092224
-15.927592792510985
-15.845006170272827
-15.90957368850708
-15.910581789016724
-16.1605979347229
-16.225068197250366
-16.217048444747924
-16.11113101005554
-16.045374307632446
-15.621434087753295
-15.305883674621581
-14.998835191726684
-15.332487487792969
-15.433066902160645
-15.77000304222107
-13.693374633789062
-14.245622911453246
-15.193772592544555
-15.147818613052369
-15.563342552185059
-15.809911489486694
-16.099723510742187
-16.121576147079466
-16.158408002853392
-16.00638457298279
-15.968386878967285
-15.831106004714966
-15.707146072387696
-12.73354793548584
-10.968792448043823
-14.215194187164307
-14.349100580215454
-13.319873151779175
-15.043607606887818
-15.684311542510986
-15.490059833526612
-15.403272285461426
-15.487902574539184
-15.73991623878479
-15.425588064193725
-15.933764905929566
-15.982642707824708
-15.930488758087158
-16.05970561027527
-16.073674869537353
-15.957469568252563
-15.894933633804321
-15.959939250946045
-16.0180166053772
-15.936979055404663
-15.992109689712525
-15.961753311157226
-15.863069858551025
-15.661633853912354
-15.846583976745606
-15.94588056564331
-16.045404481887818
-16.06180775642395
-16.017314128875732
-15.730520334243774
-15.810857906341553
-15.62705683708191
-15.784723796844482
-15.342710933685304
-15.476259765625
-15.675392198562623
-15.701936874389649
-15.773938341140747
-15.756121759414674
-15.949265747070312
-16.044968395233155
-15.87759949684143
-16.021727876663206
-16.081060028076173
-15.840423393249512
-15.36565351486206
-15.762915344238282
-15.9805020236969
-16.07110638618469
-15.924587125778197
-16.145105676651
-16.15861728668213
-16.134762563705443
-16.115506048202516
-16.173363199234007
-16.180600366592408
-16.188050384521485
-16.06843728065491
-16.0021786403656
-15.609266786575317
-14.809534282684327
-14.467676067352295
-14.9094624710083
-15.526839647293091
-15.623725442886352
-15.776646604537964
-15.798736686706542
-15.816211795806884
-15.650819482803344
-15.543626823425292
-15.595380182266235
-15.963545227050782
-16.01999134063721
-16.119087448120116
-16.241397705078125
-16.158256483078002
-16.134402227401733
-15.891117401123047
-15.497056016921997
-15.456457929611206
-15.311803302764893
-15.246841173171997
-15.57582329750061
-15.670881395339967
-15.689413471221924
-15.858735780715943
-15.468596277236939
-15.30187759399414
-14.838420066833496
-14.7692440032959
-14.966841630935669
-15.09706594467163
-14.937852973937987
-14.938139457702636
-14.714477300643921
-14.94053994178772
-15.084501914978027
-15.001027154922486
-14.941117057800293
-14.99601767539978
-15.387946586608887
-15.75055142402649
-15.786836910247803
-15.663008766174316
-15.676503925323486
-15.636157350540161
-15.712436809539795
-15.724238576889038
-15.746407375335693
-15.670305976867676
-15.915277194976806
-16.107052822113037
-16.161049585342408
-16.285711374282837
-16.222129259109497
-16.135874738693236
-16.097846126556398
-15.94992615699768
-16.046482553482054
-15.840254955291748
-16.137331256866457
-16.20151047706604
-16.025042486190795
-16.054856252670287
-16.211371383666993
-16.194829559326173
-16.106786575317383
-15.988061294555663
-15.984894046783447
-15.836023054122926
-15.90163571357727
-16.0954230594635
-16.238442020416258
-16.196105976104736
-16.062201595306398
-15.916790447235108
-15.857015619277954
-15.912471504211426
-16.111277294158935
-16.1902139377594
-16.199199047088623
-16.081995906829835
-15.982767219543456
-15.88777853012085
-15.829617128372192
-15.796766452789306
-15.966683673858643
-16.125381269454955
-16.230372562408448
-16.19493371963501
-16.19505970954895
-16.165958518981935
-16.174687480926515
-15.945097970962525
-15.79400131225586
-15.433852033615112
-15.72975832939148
-15.772550210952758
-15.71240852355957
-15.450771284103393
-15.596042079925537
-15.578441753387452
-15.37772632598877
-15.494097337722778
-15.484123001098633
-15.376213855743408
-15.413635063171387
-15.370325613021851
-15.563408250808715
-15.755667943954467
-15.914170866012574
-16.02682710647583
-16.03028666496277
-16.057513418197633
-16.095462436676026
-16.13689582824707
-15.8860702419281
-15.946483278274536
-16.014825439453126
-16.00635955810547
-16.009480743408204
-16.025851678848266
-15.969764490127563
-15.929968729019166
-15.898856382369996
-15.90681999206543
-15.87281988143921
-15.951873168945312
-15.961140413284301
-15.97100830078125
-16.01464322090149
-15.678342008590699
-15.37919072151184
-15.172580270767211
-15.21620322227478
-14.626815767288209
-15.314321565628052
-15.415893516540528
-15.404745368957519
-15.370640869140624
-15.429731922149658
-15.567133255004883
-15.568827323913574
-15.824752969741821
-15.85711926460266
-15.921569833755493
-15.919536352157593
-16.039365892410277
-16.07404722213745
-16.020672883987427
-16.004393815994263
-15.813681621551513
-15.919022636413574
-15.930416316986085
-15.96904993057251
-15.922472915649415
-15.978853435516358
-15.976010131835938
-16.048890895843506
-16.052121171951296
-16.061331748962402
-16.040435132980345
-16.133585510253905
-15.764705247879029
-15.862022800445557
-15.780003795623779
-15.5312562084198
-15.946058006286622
-16.034120960235597
-15.987238483428955
-15.99102677345276
-15.955161542892457
-15.632740497589111
-15.753107891082763
-16.17843132019043
-15.976661338806153
-15.952729864120483
-15.84411358833313
-15.822337284088135
-15.461397171020508
-15.682028560638427
-15.737776985168457
-15.608227815628052
-15.500060710906983
-15.613188734054566
-15.517892894744874
-15.737215366363525
-15.566997318267822
-15.674607210159301
-15.924624681472778
-16.012237129211425
-15.948743991851806
-15.976229801177979
-15.926343555450439
-15.8899174785614
-15.644885911941529
-15.346038379669189
-15.818550910949707
-15.902301931381226
-16.051154098510743
-16.09511661529541
-16.047251014709474
-15.991658926010132
-16.057222690582275
-16.021693344116212
-16.10065749168396
-15.844769639968872
-15.693963136672973
-15.716408548355103
-15.987088823318482
-16.216568250656128
-16.161292018890382
-16.11326919555664
-16.208380422592164
-16.13959774017334
-16.126882038116456
-16.0421538066864
-15.914279298782349
-15.798362474441529
-15.70804967880249
-14.76000075340271
-14.6356751537323
-15.808771247863769
-15.867406883239745
-15.908434352874757
-15.924856605529785
-15.765275745391845
-15.15709020614624
-14.816253223419189
-15.078247776031494
-15.470143013000488
-15.63470100402832
-15.723668603897094
-15.736426811218262
-15.573461236953735
-15.616036767959594
-15.433296451568603
-15.161283884048462
-15.286794815063477
-15.471561183929444
-15.281453094482423
-14.760056009292603
-15.06126226425171
-15.312964458465576
-15.506307315826415
-14.442505569458008
-13.671736268997192
-13.91187126159668
-14.901216297149658
-14.837614936828613
-14.43116876602173
-14.7167617893219
-15.252335920333863
-15.38947543144226
-15.434571084976197
-15.283137655258178
-15.266514930725098
-13.697956838607787
-13.352874574661255
-15.356414461135865
-15.810690059661866
-15.94266619682312
-15.939828815460205
-15.860898885726929
-15.817016849517822
-15.739839248657226
-15.658347892761231
-15.555097780227662
-15.66958659172058
-15.948279542922974
-15.270808639526367
-14.026893072128296
-14.14675033569336
-15.026598825454712
-14.682272224426269
-14.073498268127441
-14.40336296081543
-14.617661094665527
-14.449482383728027
-14.80233039855957
-15.206963500976563
-15.290140628814697
-15.417819957733155
-15.632701444625855
-15.545655965805054
-15.374736385345459
-15.423260231018066
-15.305581684112548
-15.487824487686158
-15.323752326965332
-15.675754585266112
-15.817705593109132
-15.919803056716919
-15.918115234375
-15.847287292480468
-15.697150411605834
-15.674705877304078
-14.561420230865478
-14.026449794769286
-13.428086881637574
-15.096762819290161
-15.388954839706422
-15.437544288635253
-15.475504302978516
-15.347418298721314
-15.351271934509278
-15.28408179283142
-14.82960527420044
-13.815620708465577
-13.192967262268066
-13.771390085220338
-15.4024068069458
-15.65489896774292
-15.52095272064209
-15.558809576034546
-15.642044849395752
-15.666907300949097
-15.189931488037109
-14.946071872711181
-14.776076583862304
-14.85940824508667
-14.727872877120971
-14.487185926437379
-14.221285791397095
-13.674907293319702
-13.497309999465942
-13.64275538444519
-13.137834768295289
-13.53002727508545
-13.993564567565919
-13.782452325820923
-14.099202194213866
-14.233227262496948
-14.303855724334717
-14.844592666625976
-15.169964694976807
-15.2870130443573
-14.809523878097535
-14.934137105941772
-15.469699983596803
-15.68110258102417
-15.849448862075805
-15.65453088760376
-15.525094318389893
-15.73764642715454
-15.619263906478881
-15.844430246353149
-15.67093505859375
-15.137268171310424
-15.011116533279418
-14.883905735015869
-14.899183130264282
-14.824255418777465
-15.058358087539673
-15.276761951446533
-15.36316354751587
-15.616367673873901
-15.800630264282226
-15.667248611450196
-15.729669342041015
-15.86019736289978
-16.031031198501587
-16.18859052658081
-16.256733026504516
-16.29199637413025
-16.195542936325072
-16.144872093200682
-16.118635272979738
-16.21657406806946
-16.25854250907898
-16.193758811950683
-16.17848134994507
-16.056786727905273
-15.809401569366456
-15.624631252288818
-15.64405800819397
-15.895494384765625
-16.091460132598876
-16.01608971595764
-15.954711875915528
-15.444241132736206
-15.162133750915528
-15.306877851486206
-15.296196565628051
-15.156459827423095
-15.487835330963135
-15.446773166656493
-15.278000707626342
-15.499700765609742
-15.730722980499268
-15.664499988555908
-15.373395538330078
-15.522276430130004
-15.743086099624634
-16.156594820022583
-16.177466497421264
-16.182073221206664
-16.095694379806517
-15.755812520980834
-15.415078916549682
-14.4442311668396
-15.545672340393066
-16.171750841140746
-16.197215805053713
-16.20351649284363
-16.2602312374115
-16.20687589645386
-16.168045358657835
-15.97581503868103
-16.121526336669923
-16.22960620880127
-16.187508201599123
-16.10898759841919
-16.08551615715027
-16.139092235565187
-16.150015182495117
-16.332329158782958
-16.341592359542847
-16.303085498809814
-16.32649313926697
-16.20351224899292
-16.246404972076416
-16.275763845443727
-16.281315746307374
-16.02307848930359
-15.91829336166382
-15.953515672683716
-16.090646562576293
-16.166851768493654
-16.087292699813844
-16.275301790237428
-16.422063188552855
-16.339124374389648
-16.149919033050537
-15.939104433059692
-15.905591096878052
-15.79629379272461
-15.918096446990967
-16.156449947357178
-16.261020803451537
-16.216570568084716
-16.026015100479125
-16.003245401382447
-16.28455581665039
-16.41276358604431
-16.380324869155885
-16.44142120361328
-16.52209409713745
-16.480807819366454
-16.207168645858765
-16.400241346359252
-16.513361415863038
-16.56203254699707
-16.524686431884767
-16.5095356464386
-16.48229642868042
-16.282253551483155
-16.330925197601317
-16.376182737350465
-16.381134691238405
-16.410488224029542
-16.484267234802246
-16.336054973602295
-16.43473955154419
-16.474407444000246
-16.45758762359619
-16.359263410568236
-16.38664385795593
-16.39086247444153
-16.326734752655028
-16.39329179763794
-16.338810625076295
-16.289345178604126
-16.15180832862854
-16.054039554595946
-15.872691650390625
-15.814310865402222
-15.828595771789551
-16.142718811035156
-15.915361051559449
-15.938584966659546
-15.9663955783844
-15.986931238174439
-16.25797086715698
-16.402944707870482
-16.394053955078125
-16.305458354949952
-16.370772533416748
-16.418678722381593
-16.396757278442383
-16.409700679779053
-16.40181056022644
-16.322923374176025
-16.209523878097535
-16.29457426071167
-16.28800958633423
-16.213197565078737
-16.334919958114625
-16.323042764663697
-16.360263528823854
-16.39594955444336
-16.411043157577513
-16.391801795959474
-16.348260869979857
-16.393452739715578
-16.30053870201111
-16.30662685394287
-16.22224117279053
-16.312566289901735
-16.403778982162475
-16.37904796600342
-16.295034427642822
-16.28822958946228
-16.319930381774903
-16.294249811172484
-16.278452415466308
-15.960094213485718
-15.699732847213745
-15.893628587722779
-16.118279724121095
-16.302483758926392
-16.38263201713562
-16.391670293807984
-16.274956092834472
-16.259142513275147
-16.316252689361573
-15.104096174240112
-12.353133087158204
-13.306683778762817
-13.992314777374268
-15.143923025131226
-15.580644044876099
-15.519105224609374
-15.556973161697387
-16.121880445480347
-16.076074533462524
-16.187315368652342
-15.657434549331665
-14.540519781112671
-14.606212072372436
-14.622688026428223
-15.165086936950683
-15.892253971099853
-16.24281045913696
-16.297061462402343
-16.192805814743043
-16.263611850738524
-16.358875017166138
-16.499608421325682
-16.564782485961913
-16.315316343307494
-16.226991214752196
-16.24100426673889
-15.96657943725586
-16.173440790176393
-16.2142978477478
-16.438551874160765
-16.299519424438476
-16.384804277420045
-16.398406085968016
-16.289536685943602
-16.287868270874025
-16.30897373199463
-16.408443689346313
-15.865445175170898
-15.198383741378784
-15.29468126296997
-16.060788202285767
-16.340765504837037
-16.086244182586668
-16.08067759513855
-16.145389213562012
-16.268481216430665
-15.740961723327636
-15.001136922836304
-15.614805250167846
-14.159835977554321
-14.386705083847046
-14.714140043258666
-14.232379541397094
-14.095510692596436
-15.211827316284179
-15.72126835823059
-15.932051267623901
-16.105300092697142
-15.996426067352296
-16.07975604057312
-15.969514513015747
-14.087371997833252
-13.832096223831178
-13.132938776016235
-13.721930770874023
-13.905001192092895
-13.168384761810303
-14.34981252670288
-14.86731017112732
-15.240826444625855
-15.363952465057373
-16.018965091705322
-15.854475317001343
-15.599529066085815
-15.444753704071045
-15.797578592300415
-15.853462963104247
-15.764047603607178
-16.062257251739503
-16.268188638687135
-16.189671258926392
-16.140654926300048
-16.15884596824646
-16.30276569366455
-16.177702484130858
-16.014783124923706
-16.241179847717284
-16.272546405792237
-16.292382431030273
-16.300071668624877
-16.30720512390137
-16.31660506248474
-16.30223059654236
-16.394823637008667
-16.324769411087036
-16.145712699890137
-14.812036209106445
-11.037261446714401
-1.3562360900640487
-0.7939105977863073
-0.8009054826200008
-0.7900142127780054
-1.4065802654623984
-0.37962415428347557
-0.15503150736035184
-0.014412115539054299
-0.01566204830341956
-0.015315958189379246
-0.01414552323256555
-0.014533651899309169
-0.015110750516241006
-0.014533683002027082
-0.014571822437878641
-0.014138996726856954
-0.0144275906978917
-0.014427610701764959
-0.01486033617202263
-0.013974381832569067
-0.014716194951748576
-0.013918354360549876
-0.014062677231469365
-0.015004688206549677
-0.013706160957553197
-0.015581735630671379
-0.014139096718564934
-0.013994714817990084
-0.014478142658808042
-0.015018934807772695
-0.014488647796106697
-0.014427671314196939
-0.0148603669429245
-0.016158823256534543
-0.013850432689997779
-0.014571872376861382
-0.014716104351143238
-0.015148889995204614
-0.015437473780498095
-0.015004588140337886
-0.01550535499293526
-0.014716074869867384
-0.013336296776871108
-0.014283318746328566
-0.01496648816420455
-0.01527776718461535
-0.014245169167848671
-0.013728997114541364
-0.015072529532844032
-0.016264995771086414
-0.016277740973468804
-0.014191503352511271
-0.014427630664399454
-0.014716134457869503
-0.01410278216326258
-0.015816684171449356
-0.01463120439651828
-0.012984851601958487
-0.013735973123493
-0.015293221878841703
-0.01385051299208224
-0.015870320177661587
-0.015581726238962233
-0.01416421450012461
-0.015027514261614465
-0.01457185210103214
-0.014860406403581492
-0.014419628741782278
-0.014517352525430238
-0.014624329117424511
-0.013850472853540708
-0.014198388610467539
-0.015255011674305008
-0.014766736427879533
-0.013814208484281314
-0.014427570682311293
-0.014700659500996497
-0.016120743425325764
-0.014283288704788882
-0.015450745228173832
-0.013561939307245833
-0.014639784499363288
-0.015535077110763608
-0.01413914723892229
-0.015004687886969428
-0.014380811169779534
-0.014716104229138525
-0.015581796442053906
-0.013994805538645573
-0.01385047309422514
-0.012747748922848927
-0.013219801164258738
-0.014283228536434198
-0.015148970781056436
-0.014283259285775039
-0.014267883856409007
-0.014334759207607546
-0.015293222513081833
-0.01222534204516431
-0.014677914038190451
-0.014677974185928883
-0.013706171654995502
-0.013341286851254314
-0.016447377213026245
-0.014245159780199518
-0.013273415332948367
-0.013918414379894948
-0.015293282064890062
-0.014784035824127184
-0.014490492768702075
-0.014716125108420037
-0.014427510519809748
-0.015293242071379408
-0.013706131038555735
-0.014011534740913134
-0.015581785794633813
-0.013850473472611322
-0.015726008200782758
-0.011984254784778006
-0.0153562254432243
-0.01615882332119961
-0.014236667597651626
-0.05680424739313474
-0.0548147895072889
-10.382883484193625
-15.549572563171386
-15.665614261627198
-14.333836569786072
-13.590162074565887
-15.484640169143677
-15.564790821075439
-15.603973894119262
-15.7083482837677
-15.836528129577637
-15.760279731750488
-15.725866994857789
-15.678939628601075
-15.660119123458863
-15.728063316345215
-15.727703437805175
-15.540835466384888
-15.596922998428346
-15.434242401123047
-15.407859907150268
-15.573052082061768
-15.754647912979125
-15.654671487808228
-15.611556205749512
-15.510212259292603
-15.486069374084472
-14.091934432983399
-12.95362714767456
-13.215712785720825
-14.211100749969482
-14.245518198013306
-13.496600151062012
-13.16206431388855
-14.53388289451599
-14.984489097595215
-14.84700138092041
-14.716096200942992
-15.023805646896362
-14.893684511184693
-14.810005207061767
-14.47557933807373
-14.669550256729126
-14.67166669845581
-13.850446319580078
-14.26445466041565
-14.155134544372558
-13.19501169204712
-13.778763885498046
-14.415216875076293
-14.978419456481934
-14.621105289459228
-14.915574836730958
-13.585529680252074
-2.8040838999301196
-0.9361110790073872
-0.5494516159129853
-0.637427664399147
-1.1358650732040405
-0.90054722905159
-5.726012845039367
-5.711904356479645
-3.7436999332904817
-2.073436396718025
-1.317666353583336
-0.9923662294447422
-4.365104729235172
-5.4901190805435185
-9.127619318962097
-15.402205801010131
-15.412829399108887
-15.479142379760741
-15.45170042037964
-15.681377239227295
-15.779530544281005
-15.816625900268555
-15.776281394958495
-15.780591878890991
-15.956702108383178
-15.557187929153443
-15.50050576210022
-15.655328311920165
-15.817484130859375
-15.40822416305542
-15.529705181121827
-15.570627813339234
-15.558378257751464
-15.513124141693115
-15.451793842315674
-15.597283916473389
-15.784428644180299
-15.851597194671632
-15.816510877609254
-15.47409125328064
-15.595848417282104
-15.529218893051148
-15.573242864608766
-15.802840061187744
-15.491251945495605
-15.71460156440735
-15.704761419296265
-15.687326755523681
-15.769987678527832
-15.812466793060302
-15.695156545639039
-15.875820617675782
-16.005156507492064
-15.913284454345703
-16.02510886192322
-16.03746784210205
-16.053214979171752
-16.026029376983644
-15.823656721115112
-15.94793444633484
-16.000542335510254
-15.954704675674439
-15.846078701019287
-15.853063173294068
-15.660127210617066
-15.553543300628663
-15.226997833251954
-14.996300354003907
-15.209331970214844
-15.274857740402222
-15.635380630493165
-15.656901330947877
-15.653990592956543
-15.703268260955811
-15.758853273391724
-15.713053035736085
-15.521695566177367
-15.601438179016114
-15.537254400253296
-15.661864986419678
-15.302644729614258
-15.38424220085144
-15.379965257644653
-15.31817894935608
-15.325624380111694
-15.439100761413574
-15.362279348373413
-15.274528665542602
-15.30533413887024
-15.21946551322937
-15.111784048080445
-15.059906339645385
-15.206063861846923
-15.357512130737305
-15.404340782165526
-15.385669765472413
-15.16904549598694
-15.284258298873901
-15.20090009689331
-15.262130270004272
-15.266382389068603
-15.54513195991516
-15.497697849273681
-15.53928071975708
-15.539065742492676
-15.710653295516968
-15.72955165863037
-15.626852579116822
-15.575044393539429
-15.454089097976684
-15.203858184814454
-15.32073058128357
-15.467416982650757
-14.69596815109253
-13.369321689605712
-13.83731863975525
-14.37198889732361
-14.55228798866272
-13.50416434288025
-13.313756017684936
-12.67389503479004
-11.940466260910034
-12.221570749282836
-14.602198009490968
-12.762420349121093
-11.669055109024049
-12.68856125831604
-11.996226577758788
-12.955854244232178
-12.614649410247802
-13.767771301269532
-14.322632036209107
-15.039697856903077
-15.23314971923828
-15.166808271408081
-15.48393268585205
-15.489383945465088
-15.56196346282959
-15.645207710266114
-15.469073705673217
-15.730948419570923
-15.843824758529664
-15.827561044692994
-15.86968168258667
-15.54889898300171
-15.644778900146484
-15.698522815704345
-15.828704013824463
-15.697363386154175
-15.76026210784912
-15.836455945968629
-15.969617671966553
-15.89523344039917
-15.840426206588745
-15.749881505966187
-15.874917602539062
-15.821906538009644
-15.794283361434937
-15.860046586990357
-15.938903732299805
-15.953665399551392
-16.072611808776855
-15.834235410690308
-15.870530700683593
-16.007229833602906
-15.477095804214478
-15.04719759941101
-15.672487716674805
-15.466231689453124
-15.531300954818725
-15.679017496109008
-15.843405885696411
-15.977055597305299
-16.103066177368163
-16.089193239212037
-16.044791297912596
-15.945073957443237
-15.87894513130188
-15.863470525741578
-15.879214916229248
-16.018952226638795
-16.025357179641723
-15.929829320907594
-16.01614879608154
-15.652510251998901
-15.49953197479248
-15.741349935531616
-15.849423303604127
-15.492848720550537
-14.888738183975219
-14.692476682662964
-14.934051895141602
-15.074937257766724
-15.019615926742553
-15.456664733886718
-15.6000545501709
-15.66492057800293
-15.681509399414063
-15.852559576034546
-15.956943206787109
-16.099963159561156
-15.943492059707642
-15.815847148895264
-15.694110774993897
-15.771407728195191
-15.996628112792969
-15.987498769760132
-15.984522190093994
-15.96267502784729
-15.925650434494019
-15.856657361984253
-15.707667198181152
-15.719246273040772
-15.771785974502563
-15.88025460243225
-15.870744514465333
-15.875133714675904
-15.797315940856933
-15.521395664215088
-15.535281419754028
-15.753541202545167
-15.929349479675293
-15.991628503799438
-15.991911087036133
-15.999333772659302
-15.976756830215454
-15.942887954711914
-15.947199039459228
-16.08186201095581
-15.977977018356324
-15.960899667739868
-15.999108076095581
-15.9295836353302
-15.925975008010864
-15.886491107940675
-15.629355430603027
-15.566925973892213
-15.442639274597168
-15.667096166610717
-15.829376211166382
-16.00411569595337
-16.00536789894104
-15.955088710784912
-16.02476167678833
-16.10847924232483
-16.206242275238036
-15.880052938461304
-15.329894161224365
-15.989778213500976
-16.22373158454895
-16.130391960144042
-16.117386131286622
-16.24678726196289
-16.064343070983888
-16.046972007751464
-15.910574779510497
-15.927431659698486
-16.11166537284851
-15.961215620040894
-15.991865243911743
-15.989833889007569
-15.943181209564209
-15.95180082321167
-15.759692726135254
-15.944830770492553
-15.84184886932373
-15.718471851348877
-15.716243629455567
-15.726100330352784
-15.726397161483765
-15.749504146575928
-15.748505601882934
-15.627274370193481
-15.67330491065979
-15.39518482208252
-14.734866533279419
-14.716328392028808
-14.610683708190917
-14.585759649276733
-15.169092388153077
-15.415980033874511
-14.870974550247192
-14.973449344635009
-14.422915868759155
-14.173423194885254
-14.303452920913696
-14.926407117843628
-14.993418979644776
-15.124850282669067
-15.281963567733765
-15.115229530334473
-15.421452913284302
-15.54084677696228
-15.36276668548584
-15.108896484375
-15.038830232620239
-14.986552953720093
-15.004920463562012
-15.026781902313232
-14.70810251235962
-15.131419162750245
-15.175393791198731
-15.027285833358764
-14.991151304244996
-14.302893104553222
-14.659249801635742
-15.046897602081298
-15.021744222640992
-15.10887794494629
-15.372808408737182
-15.488069200515747
-15.748740215301513
-15.800565443038941
-15.693183288574218
-15.93705147743225
-15.77063289642334
-15.871367654800416
-15.821898002624511
-15.76941879272461
-15.887045726776122
-15.86294345855713
-15.574875202178955
-15.495935869216918
-15.974581689834595
-15.646920928955078
-15.658897047042847
-15.639243888854981
-15.559890069961547
-15.495131683349609
-15.227645664215087
-15.259248666763305
-15.209979457855225
-15.386708326339722
-15.32054009437561
-15.541947031021119
-15.597224454879761
-15.48085310935974
-15.487015256881714
-15.634868154525757
-15.663391885757447
-15.473745021820069
-15.257141571044922
-15.28406153678894
-15.676637210845946
-15.93657057762146
-16.093516521453857
-16.318275451660156
-16.372442083358763
-15.426744079589843
-15.617753477096558
-16.282648305892945
-16.337641716003418
-16.35179588317871
-16.34155158996582
-16.32061322212219
-16.063421363830567
-16.127560091018676
-16.155011806488037
-16.315943727493288
-16.01874963760376
-15.671515645980834
-15.87080364227295
-16.06913164138794
-16.220721435546874
-16.21119523048401
-16.164833621978758
-15.930754804611206
-15.979059591293336
-15.894752550125123
-15.568334493637085
-14.783997449874878
-14.28446286201477
-14.241346216201782
-15.447734813690186
-15.616254186630249
-15.612147283554076
-15.28310905456543
-14.66331163406372
-15.326038808822632
-14.56094539642334
-14.442972402572632
-15.119338970184327
-15.537918176651
-15.62880355834961
-15.676334257125854
-15.683940391540528
-15.703898105621338
-15.515720911026001
-14.178453722000121
-15.248760318756103
-15.711243438720704
-15.635234842300415
-15.545290279388428
-15.467203044891358
-15.301513347625733
-15.202795085906983
-15.534245939254761
-15.557065467834473
-15.524596118927002
-15.572991437911988
-15.616741685867309
-15.69810648918152
-15.668465147018432
-15.472551927566528
-15.35505663871765
-15.486881427764892
-15.68304759979248
-15.733567266464233
-15.653276672363281
-15.591457233428955
-15.679263753890991
-15.730201015472412
-15.684858274459838
-15.688193941116333
-14.817360343933105
-14.242258176803588
-14.252143831253052
-14.93104037284851
-14.973151702880859
-14.876273212432862
-13.833218860626221
-14.134554014205932
-14.478356609344482
-14.848157520294189
-15.71272695541382
-15.461085023880004
-15.34908447265625
-15.445856046676635
-15.098996505737304
-15.123800716400147
-14.63269021987915
-13.891556854248046
-13.457700939178467
-12.890909090042115
-14.394178218841553
-13.976437406539917
-13.732160835266113
-14.524369249343872
-12.920758857727051
-15.148446111679077
-14.850986394882202
-14.881195802688598
-14.86149570465088
-14.757305002212524
-14.603866519927978
-14.55325125694275
-15.09276288986206
-15.003204307556153
-14.84909746170044
-15.07450704574585
-15.08068395614624
-15.282985944747924
-15.43592583656311
-15.500336360931396
-15.804573717117309
-15.730960025787354
-15.718979568481446
-15.366560459136963
-15.332460594177245
-14.807276515960693
-14.71487832069397
-15.01425103187561
-14.531196460723876
-14.626969270706176
-14.221443634033204
-14.254545879364013
-14.617345361709594
-14.434296045303345
-14.356798219680787
-14.596985092163086
-14.66122618675232
-14.450610513687133
-14.506195154190063
-14.39921103477478
-14.588993520736695
-14.815249729156495
-15.036042785644531
-15.086766834259032
-15.139130458831787
-15.288172349929809
-15.27141095161438
-15.158998746871948
-15.467008829116821
-15.818070516586303
-14.963132762908936
-14.583567962646484
-14.071789503097534
-12.412685050964356
-10.685586109161378
-13.947386817932129
-14.215822410583495
-14.603138999938965
-14.508093376159668
-14.977250604629516
-15.317646656036377
-15.522672023773193
-15.407666578292847
-15.473297138214111
-15.294420518875121
-15.499821109771728
-15.52028757095337
-15.539148511886596
-15.331123428344727
-15.572191781997681
-15.427433710098267
-15.658540925979615
-14.59283553123474
-14.3611346244812
-14.8419580078125
-15.409391870498657
-15.029131813049316
-14.159677171707154
-14.314560222625733
-14.87192048072815
-15.114720449447631
-15.24314757347107
-15.15472960472107
-15.201924667358398
-14.821015043258667
-14.70839765548706
-14.68521830558777
-14.996356840133666
-15.568805341720582
-15.396769456863403
-15.35340166091919
-15.168651065826417
-14.821654453277588
-15.360633420944215
-15.366789197921753
-15.041307439804077
-15.644858198165894
-15.814054431915283
-15.76388521194458
-15.194926509857178
-15.528808355331421
-15.777434768676757
-15.870966634750367
-15.723930568695069
-15.706709938049316
-15.980730504989625
-16.0068829536438
-15.9511794090271
-15.784966897964477
-15.826806621551514
-15.700562276840209
-15.856332473754883
-15.787014579772949
-15.633483695983887
-15.085305833816529
-10.127867469787597
-15.103905057907104
-15.503718004226684
-15.173941068649292
-15.143187475204467
-15.496892328262328
-15.463062887191773
-15.59767066001892
-15.627576246261597
-15.68894871711731
-15.725157670974731
-15.72120976448059
-15.617380208969116
-15.462965717315674
-14.842863264083862
-14.180925769805908
-13.790515489578247
-14.033769969940186
-14.597183294296265
-14.889245557785035
-15.004236516952515
-14.95322265625
-14.509999628067016
-13.973476629257203
-15.219760141372682
-15.567050352096558
-14.869055252075196
-13.978392152786254
-15.050707445144653
-15.968102712631225
-15.973619260787963
-15.978225212097168
-15.823507795333862
-15.963661842346191
-15.787813510894775
-15.648294477462768
-15.779436492919922
-15.582916679382324
-15.913550176620483
-16.01642765045166
-15.992029228210448
-15.977049951553346
-15.982773065567017
-15.99390853881836
-15.749203500747681
-15.710239458084107
-15.982814321517944
-15.848514528274537
-15.787414779663086
-15.93190390586853
-15.75381555557251
-15.613677778244018
-13.14374348640442
-12.632205400466919
-11.075509567260742
-14.461496849060058
-14.374510984420777
-14.63096167564392
-14.907588844299317
-14.402275466918946
-14.821388425827026
-14.861085767745971
-14.75570387840271
-15.101013860702516
-15.727245683670043
-15.904941806793213
-15.771359214782715
-15.636113414764404
-15.278527660369873
-15.219862070083618
-15.352295742034912
-14.393593559265137
-15.438610572814941
-15.741525478363037
-15.37230339050293
-15.236706495285034
-15.469735765457154
-15.893056955337524
-15.893288497924805
-15.826382970809936
-16.054270000457763
-16.064154624938965
-16.085304107666015
-16.1672580242157
-15.983912258148193
-15.630276107788086
-15.642196063995362
-15.65250301361084
-15.45235740661621
-15.69286561012268
-15.97675850868225
-16.010637788772584
-15.907285137176514
-16.077089109420776
-16.021957006454468
-15.882393646240235
-15.860100784301757
-15.862869167327881
-15.77344409942627
-15.66194263458252
-15.756893224716187
-15.92980019569397
-16.023748769760132
-15.951517028808594
-15.743681888580323
-15.658120164871216
-15.838996706008912
-15.93962059020996
-15.900847177505494
-15.85871732711792
-15.934716243743896
-15.882208528518676
-15.799794063568115
-15.470828952789306
-15.333887138366698
-15.618604230880738
-15.904419746398926
-15.620890140533447
-15.137044410705567
-15.352269134521485
-15.605475416183472
-15.677965383529664
-15.434324884414673
-15.358992338180542
-15.487114925384521
-15.415480079650878
-15.497000722885131
-14.927781925201415
-15.047578430175781
-14.864686756134033
-15.795174388885497
-15.477960033416748
-15.135858011245727
-15.751688137054444
-15.686125383377075
-15.611497745513915
-15.771490354537963
-15.805881299972533
-15.672182331085205
-15.507980976104736
-15.511728820800782
-15.513316946029663
-15.670904378890992
-15.697159938812256
-15.64599648475647
-15.381745691299438
-15.176209230422973
-15.304882860183715
-15.490580644607544
-15.671370868682862
-15.792520265579224
-15.66958683013916
-15.638467569351196
-15.60550916671753
-15.5301784324646
-15.646971673965455
-15.693597555160522
-15.64407470703125
-15.515108737945557
-15.386551837921143
-15.549897203445434
-15.550817031860351
-15.56682149887085
-15.465021438598633
-15.263105592727662
-15.414438972473144
-14.84388671875
-14.65983738899231
-14.57573486328125
-15.015584707260132
-14.909506645202637
-14.645462779998779
-14.40245906829834
-14.118520879745484
-14.097186403274536
-14.083939781188965
-14.030564813613891
-13.137975835800171
-12.781416959762574
-12.477236099243164
-12.860294294357299
-12.786837692260741
-13.686968650817871
-13.82654146194458
-14.307892742156982
-14.803389549255371
-14.77010760307312
-14.444403238296509
-14.305650424957275
-14.33991298675537
-14.018021783828736
-13.860703268051147
-13.71734055519104
-13.837310800552368
-13.735935344696045
-13.664499940872192
-13.713236646652222
-14.441491537094116
-14.52993501663208
-14.340797948837281
-13.90161166191101
-11.519015321731567
-11.02486470222473
-11.778909120559693
-12.180919885635376
-12.272644281387329
-12.52437650680542
-13.407755651473998
-13.235858669281006
-13.877983808517456
-13.578137216567994
-13.519898729324341
-13.77866506576538
-13.691488780975341
-13.883422784805298
-14.352235956192017
-14.536373109817506
-14.149437856674194
-14.465636253356934
-14.561400518417358
-14.360642490386963
-13.911472425460815
-13.990875444412232
-14.597790546417237
-14.983629131317139
-15.130690116882324
-15.345756063461303
-15.557854547500611
-15.567070903778076
-15.63928581237793
-15.622463140487671
-15.534515933990479
-15.686912326812744
-15.425770902633667
-15.361583681106568
-15.592507276535034
-15.927979946136475
-16.02205711364746
-16.034592180252076
-15.944487085342407
-15.736526794433594
-15.993149843215942
-15.889061460494995
-15.560056343078614
-15.755058126449585
-15.848722286224366
-16.001012783050538
-16.014740180969238
-15.909557151794434
-15.699480829238892
-15.752272396087646
-15.790030775070191
-15.806007118225098
-15.141665086746215
-15.530629205703736
-15.716235971450805
-15.99150450706482
-16.059781074523926
-16.11842198371887
-16.063104496002197
-16.105546913146974
-16.08197868347168
-16.15900604248047
-16.13637535095215
-16.144461622238158
-15.944149885177612
-15.82356427192688
-15.812135877609252
-15.894022235870361
-15.923470373153686
-15.92505160331726
-16.125498609542845
-16.043548269271852
-15.966117992401124
-16.05006663322449
-16.124557237625122
-16.108228979110716
-16.144034252166747
-15.995276575088502
-16.01915861129761
-16.03666247367859
-16.036974096298216
-15.966665716171265
-15.967021999359131
-15.933397951126098
-16.00115511894226
-16.03090775489807
-15.621676454544067
-15.47129578590393
-15.306352376937866
-15.807168922424317
-15.99537278175354
-15.928932971954346
-15.899921579360962
-15.969773092269897
-16.01178617477417
-15.9306210231781
-15.843969621658324
-15.768699073791504
-15.80549620628357
-15.829047775268554
-15.896963920593262
-15.901749258041383
-15.981417741775513
-15.845590143203735
-15.833916397094727
-15.836175918579102
-15.795115385055542
-15.678106565475463
-15.554238929748536
-15.600825052261353
-15.530181894302368
-15.521838026046753
-15.505187330245972
-15.683970403671264
-15.763677673339844
-15.765621109008789
-15.711650314331054
-15.519806623458862
-15.418538856506348
-15.492672338485718
-15.279656963348389
-15.183469085693359
-14.969973411560058
-15.107905740737914
-15.172389011383057
-14.927964859008789
-14.687528371810913
-14.72200135231018
-15.093021478652954
-15.315025157928467
-15.335670652389526
-15.3569797706604
-15.417636337280273
-15.610021629333495
-15.499503183364869
-15.63646008491516
-15.664314651489258
-15.68672776222229
-15.69446961402893
-15.78322428703308
-15.705040426254273
-15.7934348487854
-15.95212818145752
-15.982368593215943
-15.905104684829713
-16.034160928726195
-16.047910718917848
-16.0910627746582
-16.034093341827393
-15.979209432601928
-15.828339567184448
-15.727913875579834
-15.723111381530762
-15.57628002166748
-15.683986835479736
-15.861485071182251
-15.61317177772522
-15.032940225601196
-14.737783718109132
-14.674035930633545
-14.045880250930786
-14.688372621536255
-15.696961822509765
-16.015708713531495
-16.039363555908203
-16.118821182250976
-16.148111934661866
-16.039860868453978
-15.49450002670288
-15.759292182922364
-15.920367078781128
-15.98827112197876
-15.767454624176025
-15.809371318817139
-16.079635734558106
-16.14789155960083
-16.13832284927368
-16.17892204284668
-16.202526140213013
-16.17790307044983
-16.25985171318054
-16.22655592918396
-16.018802251815796
-16.012485752105714
-16.052172498703
-16.069225330352783
-16.116812620162964
-16.151610317230226
-15.92492883682251
-15.881489343643189
-15.942968626022338
-15.864874792098998
-15.920795059204101
-15.947831592559815
-16.018090286254882
-15.98892481803894
-15.774809312820434
-15.772587413787841
-15.78680064201355
-15.727695732116699
-15.693016510009766
-15.418288469314575
-15.109408559799194
-15.174447774887085
-15.183377017974854
-14.594052791595459
-15.048560190200806
-15.408064107894898
-15.650718746185303
-15.437719449996948
-15.502103776931763
-15.589110555648803
-15.765221338272095
-15.901089277267456
-15.821185321807862
-15.397219858169557
-15.175375833511353
-15.33759404182434
-15.220839967727661
-14.956827869415283
-14.97524570465088
-14.777656984329223
-15.17571174621582
-15.070249433517455
-14.961985301971435
-15.101866540908814
-15.215669231414795
-15.54080985069275
-15.873439092636108
-15.910846004486084
-15.9033136177063
-15.934610977172852
-16.152973947525023
-16.087984600067138
-15.87296365737915
-16.03712374687195
-16.091736936569212
-16.145486965179444
-16.20909246444702
-16.297768926620485
-16.225087032318115
-16.306876983642578
-16.313335447311403
-16.1119526386261
-16.1822048664093
-15.880697383880616
-15.54883936882019
-15.729037733078004
-15.811920223236084
-15.87299822807312
-15.94407341003418
-15.899854393005372
-15.996056938171387
-16.059019012451174
-16.111889057159424
-16.074388675689697
-16.104410791397093
-16.04958312034607
-16.03062126159668
-15.959130725860597
-15.901722383499145
-15.921244640350341
-15.964697551727294
-15.996468305587769
-15.954900398254395
-15.955137434005737
-16.058327312469483
-16.161575231552124
-16.117387533187866
-16.165433626174927
-16.23017409324646
-16.19481294631958
-16.135426654815674
-16.254311952590943
-16.280519580841066
-16.247851581573485
-16.13488272666931
-16.000310621261598
-16.02453673362732
-16.134912967681885
-16.057118101119997
-15.748545761108398
-15.55678385734558
-15.83646704673767
-15.624541540145874
-15.514824981689452
-15.343670196533203
-15.562106113433838
-15.774948472976684
-15.601127815246581
-15.410511360168456
-15.267552337646485
-15.127967720031739
-14.609316234588624
-14.425007152557374
-14.523909406661987
-14.614218492507934
-14.666556873321532
-14.522434272766112
-14.324798917770385
-14.068548650741578
-14.136825542449952
-14.491332311630249
-14.52247880935669
-14.347498931884765
-14.817524433135986
-15.336715793609619
-15.480554418563843
-15.492639141082764
-15.550306005477905
-15.58837872505188
-15.609210176467895
-15.638239860534668
-15.565209798812866
-15.637180213928223
-15.717352523803712
-15.75339958190918
-15.72466492652893
-15.80240038871765
-15.74047101020813
-15.513639316558837
-14.795919790267945
-14.792965698242188
-13.28298044204712
-11.865173749923706
-13.605325880050659
-14.53140866279602
-14.696071996688843
-14.59726544380188
-14.17260708808899
-14.538478727340697
-15.021756267547607
-14.461306314468384
-14.03970832824707
-13.791106004714965
-11.79117359161377
-8.68090959072113
-6.817744450569153
-4.513540141582489
-1.8553140127658845
-1.787673491835594
-1.710740572810173
-6.254507519006729
-7.919347043037415
-8.212827339172364
-9.610045022964478
-10.082077226638795
-9.65513373374939
-10.540742177963256
-11.678840837478639
-12.254049301147461
-12.87277416229248
-12.520505046844482
-13.44517014503479
-12.994945430755616
-13.424527225494385
-13.59635998725891
-13.669156064987183
-12.676083517074584
-12.616311531066895
-11.322191667556762
-10.84287501335144
-10.233529186248779
-10.47095100402832
-10.531992082595826
-7.888394465446472
-7.168061685562134
-8.898887872695923
-8.115034046173095
-10.3443914604187
-9.871154508590699
-9.399181323051453
-9.069550008773804
-8.32778748035431
-8.815497393608092
-9.68855037689209
-9.625970516204834
-10.132219648361206
-10.46966435432434
-10.801909914016724
-11.15731562614441
-10.623387460708619
-10.632159748077392
-10.056711235046386
-10.98062686920166
-8.38415454864502
-7.547072076797486
-7.346716251373291
-6.61984099149704
-5.841925115585327
-6.514058384895325
-6.322731857299805
-6.593518676757813
-6.459555869102478
-5.977478814125061
-6.29484824180603
-7.7929065847396854
-8.951327023506165
-9.353570137023926
-9.5398175907135
-9.0290394449234
-9.0029714012146
-9.282241287231445
-9.34675952911377
-11.729255485534669
-12.019284992218017
-11.76253113746643
-12.95932991027832
-13.471455430984497
-13.155122194290161
-13.362748765945435
-13.394575233459472
-13.96443600654602
-14.314973669052124
-14.636667976379394
-14.745368881225586
-14.870455198287964
-14.902915019989013
-14.968872289657593
-15.170477685928345
-14.909441471099854
-15.00451455116272
-15.102392482757569
-14.750327587127686
-14.940865173339844
-14.796107387542724
-15.180751085281372
-15.51249656677246
-15.276596584320068
-15.036563053131104
-14.789778881072998
-14.674584503173827
-14.647573461532593
-14.754294033050536
-15.118915243148804
-15.340519151687623
-15.48851016998291
-15.512081756591797
-15.642502069473267
-15.617410726547241
-15.464313068389892
-15.500299396514892
-15.493580379486083
-15.392189474105836
-15.204036979675292
-15.204015703201295
-15.359870071411132
-15.479950981140137
-15.489230155944824
-15.686275691986085
-15.597500915527343
-15.45847544670105
-15.24352765083313
-15.296352033615113
-15.452350873947143
-13.222673330307007
-6.978526926040649
-8.784403371810914
-15.050365953445434
-15.182435054779052
-15.380450363159179
-15.192536964416504
-15.039060277938843
-15.152031850814819
-15.261201629638672
-15.309232721328735
-15.36611475944519
-15.433099737167359
-15.45152946472168
-15.329563817977906
-15.096516952514648
-14.807294454574585
-14.801992292404174
-15.114453287124634
-15.04190526008606
-14.574018669128417
-13.327773847579955
-13.70658226966858
-13.722954950332642
-13.376747541427612
-13.66844814300537
-13.949987354278564
-14.11429144859314
-14.016539697647096
-14.612423048019409
-14.263669548034668
-14.310179204940797
-14.754504308700561
-14.946642150878906
-15.467124166488647
-15.103119297027588
-14.632000160217284
-15.227255916595459
-15.2773308467865
-15.335918922424316
-15.457432155609132
-15.349356927871703
-15.605629405975343
-15.657917737960815
-15.817770156860352
-15.816887817382813
-15.7771026802063
-15.698639736175537
-15.468746910095215
-15.020042285919189
-14.949964780807495
-15.231852407455444
-15.235000133514404
-15.243163919448852
-15.292383232116698
-15.452297296524048
-15.400072584152221
-15.376773614883422
-15.500925998687745
-15.43752025604248
-15.395020141601563
-15.232467966079712
-15.331247129440307
-15.417578659057618
-15.403269243240356
-15.336184253692627
-15.382959184646607
-15.404944591522217
-15.467810859680176
-15.205994682312012
-14.942123937606812
-14.967966661453247
-15.306742620468139
-15.195111951828004
-15.324932765960693
-15.451515493392945
-15.313824377059937
-15.30339035987854
-15.353381242752075
-15.03513876914978
-15.13133337020874
-15.261286973953247
-15.197556133270263
-15.10960560798645
-15.149083433151246
-15.440081214904785
-15.57222604751587
-15.634159517288207
-15.59301028251648
-15.57536033630371
-15.607995100021363
-15.098626089096069
-14.869346590042115
-14.960617418289184
-14.897205963134766
-14.869907846450806
-14.785107402801513
-14.688014659881592
-14.574604692459106
-14.426784524917602
-14.211506357192993
-13.903739624023437
-13.453986024856567
-13.49015040397644
-14.370355882644652
-14.969254159927369
-14.711732864379883
-14.58244023323059
-14.968132762908935
-15.147752256393433
-15.211215333938599
-15.269670515060424
-15.435925512313842
-15.590361490249634
-15.638457584381104
-15.670031604766846
-15.626113328933716
-15.60315595626831
-15.561449127197266
-15.455106534957885
-14.871945943832397
-14.899129409790039
-15.107759323120117
-15.23910665512085
-15.275619449615478
-15.240900630950927
-15.254788179397583
-15.299957189559937
-15.304698238372803
-15.140080490112304
-15.218562631607055
-15.260962371826173
-15.330946521759033
-15.535701398849488
-15.548058319091798
-15.485482902526856
-15.490118227005006
-15.492136964797973
-15.360856189727784
-15.444345121383668
-15.522176685333251
-15.652488164901733
-15.645672597885131
-15.59916826248169
-15.489225625991821
-15.591480665206909
-15.55723171234131
-15.511532077789306
-15.626320552825927
-15.68305172920227
-15.639370765686035
-15.825675163269043
-15.784878253936768
-15.727194261550903
-15.67313183784485
-15.595069942474366
-15.491703481674195
-15.389947700500489
-15.424815530776977
-15.317903060913086
-15.398310594558716
-15.627543153762817
-15.7000377368927
-15.58564908027649
-15.34288830757141
-15.184360866546632
-15.073589935302735
-15.169334220886231
-15.178981561660766
-15.239931793212891
-15.090310049057006
-14.991652793884278
-15.071908683776856
-15.245963592529296
-15.22256579399109
-15.430757884979249
-15.443632402420043
-15.550781831741332
-15.796764860153198
-15.770799465179444
-15.65152310371399
-15.694800100326539
-15.684436531066895
-15.695537691116334
-15.675119094848633
-15.576264114379883
-15.635399770736694
-15.572191553115845
-15.364634761810303
-15.325436506271362
-15.119085969924926
-14.678287811279297
-14.38060640335083
-14.570574798583984
-14.919114274978638
-15.08133378982544
-15.208992223739624
-15.56740385055542
-15.574707670211792
-15.272621030807494
-15.247192144393921
-15.446071853637696
-15.702463474273681
-15.853040075302124
-15.700924005508423
-15.685584039688111
-15.705428972244263
-15.858313760757447
-15.914138765335084
-15.978370513916015
-15.95376054763794
-15.892440490722656
-15.862495985031128
-15.922093839645386
-15.976892776489258
-15.931305503845214
-15.897173728942871
-15.941999206542969
-15.936107044219971
-15.921182069778443
-15.873243646621704
-16.02032328605652
-16.04878664970398
-15.975315580368042
-15.904536905288696
-15.96252820968628
-15.86494402885437
-15.603707723617553
-15.504100141525269
-15.511892290115357
-15.543704776763915
-15.509509897232055
-15.68727089881897
-15.7124214553833
-15.50898941040039
-15.421564769744872
-15.338476333618164
-15.288204154968263
-14.914219160079956
-14.771151628494263
-14.932325315475463
-15.45151071548462
-14.63268837928772
-14.525598039627075
-15.033989849090576
-15.399762334823608
-15.408259887695312
-15.352440795898438
-15.406106433868409
-15.383300561904907
-15.283606729507447
-14.91922625541687
-15.365993881225586
-15.253816757202149
-15.333241481781005
-15.274602870941163
-15.383665294647217
-15.720082750320435
-15.772566270828246
-15.806267232894898
-15.868203506469726
-15.879158067703248
-15.864736747741699
-15.782048606872559
-15.785957288742065
-15.757983531951904
-15.609885931015015
-15.6748863697052
-15.747216787338257
-15.678809137344361
-15.364843463897705
-15.189230394363403
-15.178575839996338
-15.53464831352234
-15.51186149597168
-15.670739984512329
-15.719782762527466
-15.503311166763305
-15.31706461906433
-15.25919412612915
-15.023766269683838
-15.058069047927857
-15.12555853843689
-15.267725677490235
-15.144629125595094
-15.435082902908325
-15.379602851867675
-15.459201335906982
-15.506085205078126
-15.51383460044861
-15.461808671951294
-15.441683073043823
-15.381493768692017
-15.430212259292603
-15.523563604354859
-15.408123807907105
-15.354456462860107
-15.249028549194335
-15.152108631134034
-15.202086019515992
-15.459914903640747
-15.52445673942566
-15.424768438339234
-15.540740013122559
-15.636733675003052
-15.499710378646851
-15.556156549453735
-15.777926397323608
-15.65859580039978
-15.766903686523438
-15.809290351867675
-15.6188897895813
-15.018288745880128
-15.202015295028687
-15.478020038604736
-15.355178518295288
-15.298634557723998
-15.084830694198608
-15.346312704086303
-15.541123867034912
-15.440112075805665
-15.54339916229248
-15.637422227859497
-15.57936900138855
-15.68588900566101
-15.576068315505982
-15.358735437393188
-14.931013231277467
-14.501716785430908
-14.431654281616211
-13.873790588378906
-14.882164983749389
-14.999613552093505
-15.056318063735961
-15.186130561828612
-14.612407636642455
-14.462084970474244
-15.164672222137451
-15.112318897247315
-15.201284074783326
-14.967445249557494
-15.294881858825683
-15.2277459526062
-15.11113169670105
-15.194130449295043
-14.712312030792237
-15.09064395904541
-14.506873121261597
-13.692195854187013
-12.693353633880616
-13.847702121734619
-14.860848722457886
-14.774814138412475
-14.674845657348634
-14.107534084320069
-13.931941776275634
-14.355953378677368
-14.516326055526733
-15.122729034423829
-14.884057407379151
-13.937618637084961
-13.02129542350769
-13.359460287094116
-13.891735620498658
-13.886571979522705
-13.753519411087035
-14.322342529296876
-14.376224927902221
-14.440053100585937
-14.364735107421875
-13.764338054656982
-15.155050258636475
-14.561505498886108
-14.346962718963622
-14.704147901535034
-14.941631727218628
-15.174908266067504
-15.3626336479187
-15.504126653671264
-15.455410823822021
-15.485793838500976
-15.40515151977539
-15.055285081863403
-14.912855491638183
-15.071598091125487
-14.69258457183838
-14.713689203262328
-14.726015062332154
-14.293491973876954
-15.108374195098877
-15.60546305656433
-14.945614013671875
-14.921359643936157
-14.998123025894165
-15.154793634414673
-15.359089832305909
-15.367813549041749
-15.42479709625244
-15.49184193611145
-15.471735982894897
-15.400305490493775
-15.406141977310181
-15.116803169250488
-14.9430952835083
-15.07051486968994
-15.396385822296143
-15.424348497390747
-14.844194030761718
-14.690120267868043
-14.961916675567627
-14.969564981460572
-15.2987610912323
-15.56938546180725
-14.824943809509277
-14.423546304702759
-15.398788661956788
-15.4053946018219
-15.779396171569823
-15.846339807510375
-15.797766981124878
-15.803946838378906
-15.789569177627563
-15.88641266822815
-15.93208173751831
-15.78172589302063
-15.235323448181152
-15.264801330566407
-15.37429684638977
-15.354921579360962
-15.415684080123901
-15.33221363067627
-15.355633478164673
-15.355024814605713
-15.78482678413391
-15.824265842437745
-15.495153112411499
-15.684036855697633
-15.836551847457885
-15.989443941116333
-15.97242938041687
-15.965963096618653
-15.815972719192505
-15.789359016418457
-15.811256647109985
-15.75831729888916
-15.461015768051148
-15.357774410247803
-15.722477655410767
-15.788480482101441
-15.823458480834962
-15.845277681350709
-15.9646577835083
-15.717201976776122
-15.368459520339966
-15.263761415481568
-15.140105934143067
-14.512226266860962
-14.021625757217407
-14.523266744613647
-14.776673593521117
-14.781644735336304
-14.961322717666626
-15.109030752182006
-15.119848184585571
-15.182011489868165
-15.069501276016235
-15.00812665939331
-14.718375759124756
-14.698892107009888
-14.98795295715332
-14.982852516174317
-15.389115533828736
-15.705735607147217
-15.489221048355102
-15.428983125686646
-15.57540470123291
-15.802846536636352
-15.882684020996093
-15.716997184753417
-15.703134918212891
-15.827695970535279
-15.863220415115357
-15.966133966445923
-15.7233052444458
-15.48188346862793
-15.057038297653198
-14.825311670303345
-14.950294408798218
-14.919904308319092
-14.406111640930176
-13.62926347732544
-13.642217025756835
-12.886840171813965
-12.915478105545043
-12.206654176712036
-12.024341869354249
-11.851591062545776
-11.390812492370605
-12.984601612091064
-13.443303108215332
-13.246316957473756
-13.423909788131715
-12.082219877243041
-12.585015134811401
-12.595510845184327
-12.913298177719117
-13.053729505538941
-12.89479308128357
-12.920386838912965
-12.287125654220581
-11.997352886199952
-11.310998916625977
-11.943751916885375
-12.087191591262817
-11.180042171478272
-10.375534591674805
-11.503821420669556
-12.305680828094482
-13.343318691253662
-14.040407218933105
-14.967425870895386
-14.847433862686158
-14.899988307952881
-15.206821317672729
-14.965606994628907
-15.456157207489014
-15.62448763847351
-15.327054500579834
-15.168383045196533
-14.416488485336304
-14.841392002105714
-15.06643362045288
-14.997581815719604
-15.135830450057984
-15.178496255874634
-15.438819484710693
-15.773341665267944
-15.708980827331542
-15.731721286773682
-15.460616235733033
-14.90438069343567
-15.166120653152467
-15.211271667480469
-14.084193820953368
-14.959783391952515
-14.898379068374634
-14.707606954574585
-13.979051208496093
-14.059148616790772
-14.503994779586792
-13.876691703796388
-13.742038822174072
-13.335165586471557
-13.580473155975342
-12.385017223358155
-12.5504399394989
-13.282015085220337
-13.507296466827393
-13.483192234039306
-13.085931558609008
-10.704322118759155
-13.21933545589447
-15.010193004608155
-15.352185592651367
-15.913019218444823
-15.49399299621582
-15.136084175109863
-15.423446912765503
-15.807066783905029
-15.881679058074951
-15.913659524917602
-15.866842784881591
-15.843935737609863
-15.897048645019531
-15.975911960601806
-15.868177289962768
-15.796857204437256
-14.636668939590454
-13.922846221923828
-14.663347463607789
-15.255645313262939
-15.555507383346558
-15.73569437980652
-15.775033903121948
-14.869197435379029
-14.411874895095826
-14.63333333015442
-14.446999397277832
-14.10003846168518
-13.923539838790894
-13.155764045715332
-12.36692370414734
-11.434714107513427
-10.924154253005982
-12.402932891845703
-12.604727125167846
-12.466988668441772
-12.64665719985962
-11.76486967086792
-11.200223779678344
-10.399902477264405
-12.295801830291747
-12.770643682479859
-12.506087818145751
-12.745029458999634
-13.546949796676635
-14.204434089660644
-14.346808490753174
-14.590573282241822
-14.474028072357179
-14.555934963226319
-14.99720404624939
-14.944241065979003
-14.361439437866212
-14.491196098327636
-14.807231626510621
-14.722747201919555
-14.34913010597229
-13.714395332336426
-14.415898046493531
-14.628351936340332
-14.308588886260987
-13.450120239257812
-13.42124912261963
-13.379290685653686
-12.886539278030396
-11.644433898925781
-10.046612882614136
-11.771213912963868
-13.390687227249146
-13.914650945663452
-14.128246116638184
-14.296262788772584
-14.264293298721313
-14.730688123703002
-14.489873714447022
-14.4067001247406
-15.013737010955811
-15.164307079315186
-15.499029216766358
-15.541236267089843
-15.686323747634887
-15.732152376174927
-15.827820405960082
-15.865688428878784
-15.825460863113403
-15.842568464279175
-15.890861520767212
-15.692198781967162
-15.484261569976807
-14.97885145187378
-14.739712610244752
-14.931215324401855
-14.87826066017151
-14.83858998298645
-14.668160305023193
-14.845602235794068
-15.232640361785888
-15.184512882232665
-15.111743402481078
-15.570841331481933
-15.552920322418213
-15.100033016204835
-14.856190423965455
-14.283318319320678
-14.32723650932312
-15.034900026321411
-15.472224836349488
-15.277862243652343
-14.055296411514282
-14.546510562896728
-15.201327114105224
-15.642255830764771
-14.960886878967285
-14.542689352035522
-14.382250452041626
-13.974235229492187
-14.175203542709351
-14.968316831588744
-15.564900093078613
-15.540762853622436
-15.471924448013306
-15.58615873336792
-15.511923351287841
-15.436986694335937
-15.455278730392456
-15.386720752716064
-15.459928102493286
-15.375249786376953
-15.096047163009644
-14.942157020568848
-14.656036996841431
-14.999500827789307
-15.293364629745483
-15.35172908782959
-15.229929943084716
-15.298057832717895
-15.511369924545289
-15.585383882522583
-15.510988149642944
-15.487118606567384
-15.397318687438965
-15.400278425216674
-15.500245752334594
-15.361507005691529
-15.18314266204834
-15.579317874908448
-15.137195806503296
-14.268723306655884
-13.858979959487915
-13.752361249923705
-14.244405422210694
-14.666740608215331
-14.456761388778686
-14.455426301956177
-14.86329023361206
-15.256525230407714
-15.301352615356445
-15.003904027938843
-14.826124458312988
-14.997989282608032
-15.04673773765564
-13.87417329788208
-12.56458613395691
-13.344627017974853
-12.910265092849732
-10.861178255081176
-15.036637763977051
-14.834613904953002
-14.604542760848998
-14.6843372631073
-14.883057613372802
-15.206593523025512
-15.157119092941285
-15.521536226272582
-15.729078617095947
-15.961724901199341
-16.098575897216797
-16.155837211608887
-16.156151876449584
-16.093918085098267
-15.834957551956176
-15.963073711395264
-15.85695273399353
-15.672718353271485
-15.757983255386353
-15.746007566452027
-15.851026706695556
-15.899493217468262
-15.943471002578736
-16.041089973449708
-16.02429379463196
-15.808749542236328
-15.441725368499755
-15.311084337234497
-15.288502960205077
-15.30456524848938
-15.301348524093628
-15.558438663482667
-15.654827709197997
-15.56367961883545
-15.443181076049804
-15.415933437347412
-15.687791414260865
-15.734117460250854
-15.757339143753052
-15.637033214569092
-15.491455488204956
-15.266190242767333
-15.02502727508545
-15.22736328125
-15.31170316696167
-15.247247371673584
-15.497690858840942
-15.478404636383056
-15.850145244598389
-15.889204998016357
-15.873948860168458
-15.8599449634552
-15.817330541610717
-15.931168336868286
-15.900696306228637
-15.929915313720704
-15.951514444351197
-15.876949644088745
-15.762289981842041
-15.622326259613038
-15.761389827728271
-15.71188175201416
-15.725354356765747
-15.870035934448243
-16.05586470603943
-15.934031009674072
-15.89688180923462
-15.813663558959961
-15.849196996688843
-15.95590431213379
-16.10265103340149
-16.089018688201904
-16.058445425033568
-16.14354878425598
-16.066260395050048
-16.031057596206665
-16.160632295608522
-16.0768656539917
-16.067127504348754
-15.805006189346313
-15.86632646560669
-15.705894384384155
-15.763980045318604
-15.846603326797485
-16.103571395874024
-16.081703214645387
-16.03883339881897
-16.088675880432127
-16.125167741775513
-15.963607206344605
-15.412984056472778
-16.095099325180055
-16.1754878616333
-15.855778522491455
-16.035172033309937
-16.118121948242187
-16.08240056037903
-16.087487859725954
-15.92145980834961
-15.747926301956177
-16.095588846206667
-15.894568424224854
-15.806880197525025
-15.828258142471313
-15.814401206970215
-15.883776788711549
-15.994615631103516
-15.940400705337524
-15.947113304138183
-16.039115028381346
-15.97881464958191
-15.873462572097779
-15.929030904769897
-16.060302352905275
-15.721239490509033
-15.732830991744995
-15.5310888671875
-14.938415870666503
-14.940454778671265
-15.150369215011597
-15.05832257270813
-15.067747087478638
-15.281059617996215
-15.544495153427125
-15.38986789703369
-15.492510786056519
-15.699896688461303
-15.595785655975341
-15.594219045639038
-15.599055805206298
-15.583180418014527
-15.198250274658204
-15.105524864196777
-14.79017050743103
-14.649468412399292
-14.462591400146485
-14.544747905731201
-14.851657800674438
-15.080817174911498
-14.967202606201171
-15.068163204193116
-15.093941745758057
-15.249104251861572
-15.747799940109253
-15.847211685180664
-15.751067514419555
-15.882123250961303
-16.03185447692871
-15.867454624176025
-16.031880264282226
-16.14149709701538
-16.031694173812866
-16.002350873947144
-16.07179489135742
-15.804411668777465
-16.178137493133544
-16.295442476272584
-16.1248850440979
-16.194956569671632
-16.192026920318604
-16.128065748214723
-16.02993257522583
-16.169500551223756
-16.198562889099122
-16.080625267028807
-15.860247163772582
-15.927582950592042
-16.013796501159668
-15.897802743911743
-15.86760214805603
-15.98134428024292
-16.013547191619875
-15.976803140640259
-15.803133640289307
-15.923315982818604
-15.963364925384521
-15.813822078704835
-15.544165248870849
-15.455731630325317
-15.783856143951416
-15.873283262252807
-15.903467826843261
-16.077646436691285
-15.897401733398437
-15.902631616592407
-16.02533302307129
-15.88061149597168
-15.888127765655518
-15.936128721237182
-15.707730054855347
-15.469940671920776
-15.56469931602478
-14.579732379913331
-15.207898168563842
-16.002399969100953
-15.954576272964477
-15.96518856048584
-15.840300817489624
-15.857665452957153
-15.956981344223022
-15.878634071350097
-15.992290468215943
-15.90123483657837
-15.973204307556152
-15.910508136749268
-16.00706422805786
-16.016580839157104
-15.95637936592102
-16.012633142471312
-15.99661602973938
-15.895173225402832
-15.932183103561401
-15.97229660987854
-15.471994714736939
-14.492870359420776
-13.53990927696228
-14.312264385223388
-13.861490030288696
-13.511818809509277
-13.746653861999512
-11.075907430648805
-13.172140588760376
-13.763456068038941
-13.470865745544433
-14.343637084960937
-14.438703870773315
-15.004112119674682
-15.469990100860596
-15.5144287109375
-15.531331214904785
-15.70398006439209
-14.944580955505371
-14.538087453842163
-14.934512300491333
-14.763268909454347
-14.615723800659179
-14.616479206085206
-13.689798908233643
-13.854758014678955
-14.163465423583984
-13.35897131919861
-12.002492513656616
-13.024621000289917
-12.027910804748535
-13.540298929214478
-14.528021354675293
-14.789162454605103
-14.990422382354737
-14.725445175170899
-14.335672273635865
-14.014598693847656
-13.732102651596069
-14.456741847991943
-14.300706062316895
-13.928170251846314
-13.222800312042237
-11.551890716552734
-11.497074947357177
-12.189267148971558
-14.22478343963623
-14.72618899345398
-15.456575336456298
-15.337526931762696
-14.99290150642395
-14.935021696090699
-14.071001348495484
-13.91905535697937
-13.92356192588806
-14.281268491744996
-14.115103702545166
-13.88402280807495
-13.535463056564332
-13.17969799041748
-13.07794249534607
-12.74144847869873
-14.153695526123046
-14.418867607116699
-14.118960285186768
-14.090407056808472
-13.971523342132569
-13.573592510223389
-13.68221622467041
-14.57376178741455
-14.663076314926148
-14.438899917602539
-13.779724645614625
-13.846251468658448
-14.358842449188232
-14.719640817642212
-14.623927402496339
-14.740988998413085
-14.343142156600953
-13.917889814376831
-13.454860429763794
-12.648530187606811
-13.097172651290894
-12.922921886444092
-11.975697650909424
-11.469038381576539
-11.462985372543335
-12.165447750091552
-12.877441577911377
-11.16549641609192
-10.593387565612794
-11.173491611480713
-11.158719301223755
-11.359493360519409
-11.495732374191284
-11.52746928215027
-10.241624426841735
-7.776992950439453
-9.400897006988526
-9.25345226764679
-9.488364534378052
-10.806141052246094
-11.57156361579895
-10.689347038269043
-10.951129922866821
-12.058915319442749
-11.504222912788391
-9.359538831710815
-9.76502435684204
-9.751832075119019
-11.95043890953064
-12.525782451629638
-12.251167078018188
-12.940475730895995
-12.882857580184936
-14.028467378616334
-14.443829584121705
-14.63374264717102
-14.746871614456177
-13.582173051834106
-13.241213865280152
-13.4635276222229
-13.62626916885376
-13.678162670135498
-12.573839550018311
-12.24812617778778
-12.0768913936615
-11.279827613830566
-9.86873812198639
-11.07309576511383
-11.531643161773681
-11.673493728637695
-11.760563411712646
-11.861293773651123
-12.426609678268433
-12.550797119140626
-12.775062923431397
-12.79254005432129
-12.455002965927124
-13.214065780639649
-13.787329778671264
-13.928128957748413
-13.63693964958191
-14.240069236755371
-14.951479253768921
-15.102481107711792
-15.25200958251953
-15.48679804801941
-15.464842100143432
-15.492211046218872
-15.562156686782837
-15.503413772583007
-15.439004201889038
-15.297485208511352
-15.449023351669311
-15.365997200012208
-15.512589416503907
-15.626935443878175
-15.457416172027587
-15.703455247879027
-15.639812088012695
-15.428230514526367
-15.349659700393676
-15.33974967956543
-15.38291401863098
-15.568751134872436
-15.506556329727173
-15.029800271987915
-14.791411991119384
-14.690385189056396
-14.966664066314697
-15.222613925933837
-15.26358727455139
-14.810386753082275
-14.584192695617675
-14.679875154495239
-14.567784404754638
-14.764485063552856
-14.926639890670776
-15.266151905059814
-15.363669786453247
-15.318679542541505
-15.176192483901978
-15.04345440864563
-14.977453269958495
-15.045268993377686
-15.145624856948853
-14.79637288093567
-14.493147764205933
-14.454782314300537
-14.759225912094116
-14.605609731674194
-14.085033054351806
-14.383373003005982
-13.850105218887329
-13.926584615707398
-13.746543035507202
-13.86128462791443
-13.534632768630981
-13.170422658920288
-13.597596969604492
-14.153603219985962
-14.321633195877075
-13.718416833877564
-13.876501874923706
-14.314665613174439
-14.072893753051758
-14.836586351394653
-15.462787790298462
-15.625990657806396
-15.59074906349182
-15.34995319366455
-15.20359987258911
-14.74908730506897
-14.846795654296875
-15.070018844604492
-15.314680948257447
-14.740046110153198
-14.269240140914917
-14.241521825790405
-14.710459022521972
-14.509380693435668
-14.894153699874877
-14.591420249938965
-14.057092561721802
-13.766803588867187
-13.231616868972779
-12.49766100883484
-11.351408548355103
-10.81374303817749
-11.30112579345703
-12.206922025680543
-12.540317802429199
-12.407873420715331
-12.590179948806762
-12.962340421676636
-13.45800877571106
-13.857749900817872
-13.965089702606202
-14.028855695724488
-14.313258647918701
-14.338844575881957
-14.543645248413085
-14.93119517326355
-14.640956811904907
-14.15763889312744
-14.027551221847535
-13.98911184310913
-14.072198553085327
-13.81026526451111
-13.833477115631103
-13.877035722732543
-13.345077409744263
-13.848953914642333
-13.925094299316406
-13.88597007751465
-13.487277088165284
-14.166339769363404
-14.01784963607788
-13.373372373580933
-13.309557704925536
-13.19614785194397
-13.285033645629882
-13.415126819610595
-13.398107080459594
-13.460929937362671
-13.459183826446534
-14.552723560333252
-14.893392963409424
-14.65402624130249
-15.005714292526244
-15.168887939453125
-15.236934804916382
-15.280341491699218
-15.896807250976563
-15.628568468093873
-15.601361322402955
-15.661726932525635
-15.666266202926636
-15.71241273880005
-15.799193201065064
-15.928657264709473
-15.617430181503297
-15.580442037582397
-15.622224912643432
-15.742379636764527
-15.665401468276977
-15.838763942718506
-15.824775304794311
-15.676312665939331
-15.721388807296753
-15.854767665863037
-15.92964433670044
-15.950603523254394
-15.830779523849488
-15.773669319152832
-15.795853881835937
-15.82164680480957
-15.725994596481323
-15.777609453201293
-15.82534475326538
-15.947091693878173
-15.892174596786498
-15.884719467163086
-15.860411405563354
-15.855277700424194
-15.886692790985107
-15.800998125076294
-15.527298669815064
-15.184277696609497
-14.972055931091308
-14.953983631134033
-14.954732904434204
-15.354038400650024
-15.759972076416016
-16.003402366638184
-16.067761068344115
-16.098139152526855
-16.110258808135985
-16.200256414413452
-16.254763660430907
-16.205952281951905
-16.226192979812623
-16.24705574989319
-16.02892608642578
-15.921848411560058
-15.83018611907959
-15.82808609008789
-15.830504226684571
-15.784570951461792
-15.822334222793579
-15.665743265151978
-15.495330638885498
-15.778172130584716
-15.980176620483398
-15.997469844818115
-15.998236265182495
-15.997858562469482
-15.580548343658448
-15.255878734588624
-15.441696834564208
-15.611717824935914
-15.639541721343994
-15.742310857772827
-15.65267092704773
-15.762260332107545
-15.774625263214112
-15.972550745010375
-16.097161874771118
-16.089451284408568
-16.160812635421753
-16.11952872276306
-15.98110203742981
-15.598107509613037
-15.64523323059082
-15.911976318359375
-16.072211933135986
-16.135986347198486
-16.186478710174562
-16.154410743713377
-16.122878828048705
-16.02309772491455
-16.073234777450562
-16.033241806030272
-16.095097579956054
-16.04181604385376
-16.148114442825317
-16.060917797088624
-16.036381902694703
-15.981717557907105
-16.01799349784851
-16.099460153579713
-16.092177543640137
-16.128096055984496
-16.09582901954651
-16.119313488006593
-15.98021243095398
-15.84569670677185
-16.013847961425782
-16.16482427597046
-16.05215145111084
-15.970394830703736
-15.96929126739502
-16.21436743736267
-16.139825468063353
-16.104625358581544
-16.123809633255004
-16.192667694091796
-16.20207378387451
-16.163224744796754
-16.13972417831421
-16.07846939086914
-16.123150758743286
-15.898927545547485
-15.577303161621094
-15.279012985229492
-15.93124550819397
-15.992594947814942
-16.051086225509643
-15.950766468048096
-15.785613765716553
-15.86246482849121
-15.844900817871094
-15.413084011077881
-15.551510820388794
-15.20614013671875
-15.175168361663818
-15.340881767272949
-15.52859070777893
-15.759568586349488
-16.029466457366944
-16.098973932266237
-16.1060489654541
-16.22795672416687
-16.196051654815673
-16.164720582962037
-16.02285080909729
-16.00208589553833
-15.961981945037842
-15.95985990524292
-15.951898488998413
-15.731364831924438
-15.412249174118042
-15.21290075302124
-15.145257177352905
-15.406086101531983
-15.640842723846436
-15.646236820220947
-15.903720636367797
-16.143342838287353
-16.21250958442688
-16.25145245552063
-16.182119340896605
-16.160223836898805
-16.21605297088623
-16.322412099838257
-16.276334800720214
-16.257206115722656
-16.2562428855896
-16.277254247665404
-16.299738073348998
-16.251042346954346
-16.189209423065186
-16.292536334991453
-16.292171306610108
-16.2343447303772
-15.820291633605956
-15.855509328842164
-16.076541023254393
-15.948893041610718
-15.232385168075561
-15.145917568206787
-15.294830446243287
-15.486140918731689
-15.127554388046265
-14.429147024154663
-12.94871159553528
-13.219786510467529
-13.210574541091919
-13.714299335479737
-14.4774387550354
-14.400319156646729
-15.442088375091553
-15.621532258987427
-15.622767658233643
-15.67091257095337
-15.869235439300537
-15.827144165039062
-15.723614301681518
-15.937678966522217
-16.013937482833864
-15.368553609848023
-15.349584589004516
-14.895043992996216
-15.102025890350342
-15.230493621826172
-15.485740594863891
-15.598691511154176
-15.592268095016479
-15.643230628967284
-15.832516546249389
-16.03848479270935
-16.009014539718628
-15.946936292648315
-15.813829698562621
-15.97125904083252
-16.030366439819336
-16.057608184814452
-16.131011486053467
-16.121852149963377
-16.117588176727295
-16.057941808700562
-15.978508949279785
-16.107823362350462
-16.131840143203735
-16.092802181243897
-16.09236400604248
-15.92026228904724
-15.954272651672364
-15.666255006790161
-15.654779558181763
-16.025369729995727
-15.939429817199708
-16.021945552825926
-16.08493034362793
-16.101570529937746
-16.129727506637572
-16.134405488967897
-16.05250492095947
-15.939704961776734
-16.02330759048462
-16.223176622390746
-16.115223159790037
-16.154446363449097
-15.92379831314087
-15.882090015411377
-15.863990621566773
-15.56761254310608
-15.253009805679321
-15.019849214553833
-14.831949472427368
-14.69554747581482
-14.233281259536744
-14.109385786056519
-13.988913927078247
-14.362662162780762
-14.314384059906006
-14.726291856765748
-14.704472541809082
-14.643064336776733
-14.569165992736817
-14.229361009597778
-14.604449319839478
-15.055443000793456
-14.679734115600587
-14.447926931381225
-13.738841094970702
-13.78510220527649
-13.668965740203857
-13.554045791625976
-13.407067947387695
-13.423257503509522
-13.580551223754883
-13.857144050598144
-13.769337148666382
-13.696550016403199
-13.620927724838257
-13.96419620513916
-14.119142789840698
-14.012478485107422
-13.63168104171753
-13.846905755996705
-14.19028169631958
-14.294820442199708
-14.38722228050232
-14.466775455474853
-14.516706552505493
-14.752130365371704
-15.023526000976563
-15.43843810081482
-15.861043376922607
-15.882895936965943
-15.883885736465453
-15.909524412155152
-15.334572858810425
-15.629283647537232
-15.570062322616577
-15.430196266174317
-14.889490985870362
-14.924464244842529
-14.780081796646119
-14.519339027404785
-14.14678713798523
-14.401254043579101
-14.297433910369874
-14.260629892349243
-14.53385675430298
-14.44020323753357
-14.51142641067505
-14.463856830596924
-14.360156173706054
-14.789843549728394
-14.816961994171143
-15.061494302749633
-15.235302057266235
-15.169296751022339
-15.222250061035156
-15.085453300476074
-15.024143543243408
-15.032877225875854
-15.02384108543396
-15.23700789451599
-15.265605401992797
-15.069394607543945
-15.21409333229065
-14.996839933395385
-14.647488765716552
-14.614635505676269
-14.353633985519409
-14.44917088508606
-14.775776891708373
-14.597918462753295
-14.842385692596435
-14.823803396224976
-14.853221216201781
-14.982425880432128
-14.61327483177185
-14.500770044326782
-14.116175365447997
-14.684226799011231
-15.08961181640625
-15.248037414550781
-15.474447813034057
-15.256915664672851
-14.936744232177734
-14.82313663482666
-15.180608158111573
-15.586023044586181
-15.545602912902831
-15.657371625900268
-15.670236396789551
-15.708413581848145
-15.625070104598999
-15.737188148498536
-15.662365455627441
-15.689416513442993
-15.763793926239014
-15.742660284042358
-15.5692071723938
-15.454583387374878
-15.424748573303223
-15.566365823745727
-15.67601348876953
-15.665968141555787
-15.791724081039428
-15.799831075668335
-15.988567419052124
-15.949830131530762
-15.849368000030518
-15.730212240219116
-15.664168176651001
-15.771349277496338
-15.840303707122803
-15.847001323699951
-15.867139329910279
-15.847580099105835
-15.787259635925293
-15.680289707183839
-15.603993158340455
-15.607615480422973
-15.50869402885437
-15.512442531585693
-15.494310369491577
-15.468030157089233
-15.533929529190063
-15.467724981307983
-15.493759365081788
-15.587884378433227
-15.72263596534729
-15.56148380279541
-15.535410661697387
-15.42613965034485
-15.443139724731445
-15.415127153396606
-15.347882776260375
-15.31628698348999
-15.432861700057984
-15.533291540145875
-15.490919351577759
-15.504684371948242
-15.483829288482665
-15.624436235427856
-15.551021976470947
-15.54292465209961
-15.495437030792237
-15.49731125831604
-15.540256071090699
-15.771853885650636
-15.636749897003174
-15.322773914337159
-15.095569095611573
-15.140678405761719
-15.368020086288452
-15.408390073776244
-15.500464057922363
-15.667498121261596
-15.380132217407226
-15.664330883026123
-15.685221433639526
-15.707234678268433
-15.811113739013672
