-17388.500255221064
-17023.238231109794
-15238.95614184711
-43723.96171600088
-24502.55948159089
-7894.558933641235
-7540.201832444867
-8289.175235487144
-25994.40048746901
-47035.07930712172
-63802.727294765675
-70334.92026801423
-38314.15569517754
-134711.26721824016
-112040.76997360845
-153308.44007667547
-93679.15068428103
-104213.69303572856
-194390.69367052542
-117035.24629868442
-69308.66389255438
-43114.92938884557
-48072.462920615406
-96057.73368959433
-46107.78211784729
-32638.70323496481
-24259.86582793506
-22625.311692758318
-15376.606141034868
-36007.08027368742
-132205.53462704434
-15132.876322389335
-36740.15204259637
-34890.95630023393
-71007.45709997801
-54080.68833723209
-29779.28379168666
-34305.13058633737
-37052.132926838414
-41514.73022632758
-8052.961741930082
-407449.0138605646
-61234.67452415227
-47652.88498430502
-34214.99500784749
-35965.3671512616
-77134.41852232286
-56921.08771318178
-46805.97606640875
-86908.00276411549
-105083.6406524912
-74965.97689239444
-119682.68405110364
-61850.85416916587
-44639.50401246601
-42765.41857855486
-59992.69408414308
-56306.76901141635
-60580.10331693858
-44709.261868077214
-30784.45363858565
-48867.052951805425
-83269.08384317018
-78220.39610574616
-202123.0555522233
-73052.7831044066
-84883.65150651791
-96828.2617574876
-72876.18576430542
-99225.8427403231
-44738.93297894674
-35395.843797484806
-26691.138065818937
-27171.578542366442
-42708.99246866003
-51881.492176253596
-64298.31216760637
-87685.73067118521
-89713.78390914908
-99305.26580244322
-95714.24091290787
-149258.82704534548
-80216.57360144754
-72865.96145733366
-156683.87296315178
-87623.0088546665
-90916.64115483046
-147632.81862054142
-133797.2871131238
-212215.19320817338
-209766.04576035668
-117169.79148672425
-69682.95739363403
-111594.11366862604
-104046.02922814699
-95549.96740043187
-131161.50952695138
-214953.84342010558
-423679.9063599648
-78030.65103416906
-76050.04893559062
-38629.66204314619
-50198.378182731525
-59753.72571152231
-67100.6288912548
-104350.01155380279
-46788.54562165107
-36227.456011576294
-90884.00915706974
-107875.50166446737
-38934.51981740843
-42721.7470334493
-53733.55308301344
-175380.84718390115
-270801.29432831495
-89585.04226647473
-76944.0654640515
-52660.99489163468
-52744.344114883235
-105517.78575480846
-219596.25537577976
-74987.54573286549
-77879.04358355327
-56232.26941378759
-61905.25569067898
-83120.20051833414
-57896.845629398595
-66634.29744731686
-74986.23789387396
-282527.0340091171
-203375.21841760637
-77047.11672014956
-61991.5947396833
-61782.37233335333
-62470.99371950976
-62646.64216700656
-205907.5908609245
-113372.2207643554
-73854.86993412107
-147078.56753838772
-124451.18801483525
-111658.09146073257
-202223.53926993362
-165790.0799169266
-86505.45520933301
-137522.98009886837
-76741.16492472409
-89238.00930702176
-92678.40614253438
-227046.96228456893
-158482.83471039266
-71533.99301223608
-57587.23990323097
-67612.56964521353
-102972.95189289427
-46372.658184381
-53643.955066878596
-160402.24921525113
-52510.23683796185
-135085.58322086933
-243149.32345149553
-375322.38339731283
-387935.7363743602
-196062.677703135
-336648.5888615643
-573113.8896353167
-165750.45080324297
-113466.03553362924
-171668.37658449297
-387267.33549264236
-346636.2638455694
-144493.81696357165
-444068.84839851246
-244558.2118771993
-129170.31236504318
-259777.25413367723
-219840.50047984644
-301939.88445697376
-158654.6736794226
-139511.43313139796
-156116.59985804543
-290858.6505318298
-399375.8111204415
-320449.32580074377
-413048.7920240523
-106985.27907819497
-93112.40664737285
-140280.71011776233
-385248.777481206
-745205.5563219769
-810684.408009437
-973790.7042646353
-258461.87053142994
-200426.716790627
-286060.6502169306
-84425.49497910669
-101472.85622100928
-143029.26165626998
-265253.1223608445
-248476.42237484004
