-1.810350830712705
-2.0815453720092774
-2.079441547393799
-2.079441547393799
-2.079441547393799
-2.079441547393799
-2.079441547393799
-2.079441547393799
-2.079441547393799
-2.079441547393799
-2.079441547393799
-2.079441547393799
-2.079441547393799
-2.079441547393799
-2.079441547393799
-2.079441547393799
-2.079441547393799
-2.079441547393799
-2.079441547393799
-2.079441547393799
-2.079441547393799
-2.079441547393799
-2.079441547393799
-2.079441547393799
-2.079441547393799
-2.079441547393799
-2.079441547393799
-2.079441547393799
-2.079441547393799
-2.079441547393799
-2.079441547393799
-2.079441547393799
-2.079441547393799
-2.079441547393799
-2.079441547393799
-2.079441547393799
-2.079441547393799
-2.079441547393799
-2.079441547393799
-2.079441547393799
-2.079441547393799
-2.079441547393799
-2.079441547393799
-2.079441547393799
-2.079441547393799
-2.079441547393799
-2.079441547393799
-2.079441547393799
-2.079441547393799
-2.079441547393799
-2.079441547393799
-2.079441547393799
-2.079441547393799
-2.079441547393799
-2.079441547393799
-2.079441547393799
-2.079441547393799
-2.079441547393799
-2.079441547393799
-2.079441547393799
-2.079441547393799
-2.079441547393799
-2.079441547393799
-2.079441547393799
-2.079441547393799
-2.079441547393799
-2.079441547393799
-2.079441547393799
-2.079441547393799
-2.079441547393799
-2.079441547393799
-2.079441547393799
-2.079441547393799
-2.079441547393799
-2.079441547393799
-2.079441547393799
-2.079441547393799
-2.079441547393799
-2.079441547393799
-2.079441547393799
-2.079441547393799
-2.079441547393799
-2.079441547393799
-2.079441547393799
-2.079441547393799
-2.079441547393799
-2.079441547393799
-2.079441547393799
-2.079441547393799
-2.079441547393799
-2.079441547393799
-2.079441547393799
-2.079441547393799
-2.079441547393799
-2.079441547393799
-2.079441547393799
-2.079441547393799
-2.079441547393799
-2.079441547393799
-2.079441547393799
