-3.1350462704045823
-3.4655280709266663
-3.4655883359909057
-3.465626437664032
-3.4656516122817993
-3.465668947696686
-3.465681390762329
-3.465690758228302
-3.46569801568985
-3.465703740119934
-3.4657082772254943
-3.465711977481842
-3.4657148718833923
-3.4657175016403197
-3.465719645023346
-3.465721504688263
-3.4657230305671693
-3.4657243585586546
-3.465725429058075
-3.4657264137268067
-3.465727331638336
-3.4657281017303467
-3.4657287883758543
-3.465729367733002
-3.46572988986969
-3.4657302927970886
-3.4657306909561156
-3.4657309365272524
-3.4657313013076783
-3.46573171377182
-3.465732033252716
-3.465732288360596
-3.4657325410842894
-3.4657329058647157
-3.4657332134246825
-3.465733377933502
-3.4657336139678954
-3.465733880996704
-3.4657339954376223
-3.4657340264320373
-3.465734121799469
-3.4657342338562014
-3.4657344698905943
-3.465734667778015
-3.465734701156616
-3.465734717845917
-3.4657347869873045
-3.4657348942756654
-3.46573495388031
-3.465734956264496
-3.4657349586486816
-3.4657349586486816
-3.4657349586486816
-3.465734977722168
-3.4657350683212282
-3.4657351970672607
-3.465735311508179
-3.4657353734970093
-3.4657354164123535
-3.465735421180725
-3.4657354307174684
-3.46573543548584
-3.4657354307174684
-3.46573543548584
-3.46573543548584
-3.46573543548584
-3.4657354593276977
-3.465735514163971
-3.4657355976104736
-3.465735650062561
-3.46573566198349
-3.4657356786727904
-3.4657357120513916
-3.4657358002662657
-3.4657358717918396
-3.4657359075546266
-3.4657359099388123
-3.465735912322998
-3.465735912322998
-3.465735912322998
-3.465735912322998
-3.465735912322998
-3.465735912322998
-3.465735912322998
-3.465735912322998
-3.465735912322998
-3.465735912322998
-3.465735912322998
-3.465735912322998
-3.465735912322998
-3.465735912322998
-3.465735912322998
-3.465735912322998
-3.465735912322998
-3.465735912322998
-3.465735912322998
-3.465735912322998
-3.465735912322998
-3.465735912322998
-3.465735912322998
-3.465735912322998
-3.465735912322998
-3.465735912322998
-3.465735912322998
-3.465735912322998
-3.465735912322998
-3.465735912322998
-3.465735912322998
-3.465735912322998
-3.465735912322998
-3.465735912322998
-3.465735912322998
-3.465735912322998
-3.465735912322998
-3.465735912322998
-3.465735912322998
-3.465735912322998
-3.465735912322998
-3.465735912322998
-3.465735912322998
-3.465735912322998
-3.465735912322998
-3.465735912322998
-3.465735912322998
-3.465735912322998
-3.465735912322998
-3.465735912322998
-3.465735912322998
-3.465735912322998
-3.465735912322998
-3.465735912322998
-3.465735912322998
-3.465735912322998
-3.465735912322998
-3.465735912322998
-3.465735912322998
-3.465735912322998
-3.465735912322998
-3.465735912322998
-3.465735912322998
-3.465735912322998
-3.465735912322998
-3.465735912322998
-3.465735912322998
-3.465735912322998
-3.465735912322998
-3.465735912322998
-3.465735912322998
-3.465735912322998
-3.465735912322998
-3.465735912322998
-3.465735912322998
-3.465735912322998
-3.465735912322998
-3.465735912322998
-3.465735912322998
-3.465735912322998
-3.465735912322998
-3.465735912322998
-3.465735912322998
-3.465735912322998
-3.465735912322998
-3.465735912322998
-3.465735912322998
-3.465735912322998
-3.465735912322998
-3.465735912322998
-3.465735912322998
-3.465735912322998
-3.465735912322998
-3.465735912322998
-3.465735912322998
-3.465735912322998
-3.465735912322998
-3.465735912322998
-3.465735912322998
-3.465735912322998
-3.465735912322998
-3.465735912322998
-3.465735912322998
-3.465735912322998
-3.465735912322998
-3.465735912322998
-3.465735912322998
-3.465735912322998
-3.465735912322998
-3.465735912322998
-3.465735912322998
-3.465735912322998
-3.465735912322998
-3.465735912322998
-3.465735912322998
-3.465735912322998
-3.465735912322998
-3.465735912322998
-3.465735912322998
-3.465735912322998
-3.465735912322998
-3.465735912322998
-3.465735912322998
-3.465735912322998
-3.465735912322998
-3.465735912322998
-3.465735912322998
-3.465735912322998
-3.465735912322998
-3.465735912322998
-3.465735912322998
-3.465735912322998
-3.465735912322998
-3.465735912322998
-3.465735912322998
-3.465735912322998
-3.465735912322998
-3.465735912322998
-3.465735912322998
-3.465735912322998
-3.465735912322998
-3.465735912322998
-3.465735912322998
-3.465735912322998
-3.465735912322998
-3.465735912322998
-3.465735912322998
-3.465735912322998
-3.465735912322998
-3.465735912322998
-3.465735912322998
-3.465735912322998
-3.465735912322998
-3.465735912322998
-3.465735912322998
-3.465735912322998
-3.465735912322998
-3.465735912322998
-3.465735912322998
-3.465735912322998
-3.465735912322998
-3.465735912322998
-3.465735912322998
-3.465735912322998
-3.465735912322998
-3.465735912322998
-3.465735912322998
-3.465735912322998
-3.465735912322998
-3.465735912322998
-3.465735912322998
-3.465735912322998
-3.465735912322998
-3.465735912322998
-3.465735912322998
-3.465735912322998
-3.465735912322998
-3.465735912322998
-3.465735912322998
-3.465735912322998
-3.465735912322998
-3.465735912322998
-3.465735912322998
-3.465735912322998
-3.465735912322998
-3.465735912322998
-3.465735912322998
-3.465735912322998
-3.465735912322998
-3.465735912322998
-3.465735912322998
-3.465735912322998
-3.465735912322998
-3.465735912322998
-3.465735912322998
-3.465735912322998
-3.465735912322998
-3.465735912322998
-3.465735912322998
-3.465735912322998
-3.465735912322998
-3.465735912322998
-3.465735912322998
-3.465735912322998
-3.465735912322998
-3.465735912322998
-3.465735912322998
-3.465735912322998
-3.465735912322998
-3.465735912322998
-3.465735912322998
-3.465735912322998
-3.465735912322998
-3.465735912322998
-3.465735912322998
-3.465735912322998
-3.465735912322998
-3.465735912322998
-3.465735912322998
-3.465735912322998
-3.465735912322998
-3.465735912322998
-3.465735912322998
-3.465735912322998
-3.465735912322998
-3.465735912322998
-3.465735912322998
-3.465735912322998
-3.465735912322998
-3.465735912322998
-3.465735912322998
-3.465735912322998
-3.465735912322998
-3.465735912322998
-3.465735912322998
-3.465735912322998
-3.465735912322998
-3.465735912322998
-3.465735912322998
-3.465735912322998
-3.465735912322998
-3.465735912322998
-3.465735912322998
-3.465735912322998
-3.465735912322998
-3.465735912322998
-3.465735912322998
-3.465735912322998
-3.465735912322998
-3.465735912322998
-3.465735912322998
-3.465735912322998
-3.465735912322998
-3.465735912322998
-3.465735912322998
-3.465735912322998
-3.465735912322998
-3.465735912322998
-3.465735912322998
-3.465735912322998
-3.465735912322998
-3.465735912322998
-3.465735912322998
-3.465735912322998
-3.465735912322998
-3.465735912322998
-3.465735912322998
-3.465735912322998
-3.465735912322998
-3.465735912322998
-3.465735912322998
-3.465735912322998
-3.465735912322998
-3.465735912322998
-3.465735912322998
-3.465735912322998
-3.465735912322998
-3.465735912322998
-3.465735912322998
-3.465735912322998
-3.465735912322998
-3.465735912322998
-3.465735912322998
-3.465735912322998
-3.465735912322998
-3.465735912322998
-3.465735912322998
-3.465735912322998
-3.465735912322998
-3.465735912322998
-3.465735912322998
-3.465735912322998
-3.465735912322998
-3.465735912322998
-3.465735912322998
-3.465735912322998
-3.465735912322998
-3.465735912322998
-3.465735912322998
-3.465735912322998
-3.465735912322998
-3.465735912322998
-3.465735912322998
-3.465735912322998
-3.465735912322998
-3.465735912322998
-3.465735912322998
-3.465735912322998
-3.465735912322998
-3.465735912322998
-3.465735912322998
-3.465735912322998
-3.465735912322998
-3.465735912322998
-3.465735912322998
-3.465735912322998
-3.465735912322998
-3.465735912322998
-3.465735912322998
-3.465735912322998
-3.465735912322998
-3.465735912322998
-3.465735912322998
-3.465735912322998
-3.465735912322998
-3.465735912322998
-3.465735912322998
-3.465735912322998
-3.465735912322998
-3.465735912322998
-3.465735912322998
-3.465735912322998
-3.465735912322998
-3.465735912322998
-3.465735912322998
-3.465735912322998
-3.465735912322998
-3.465735912322998
-3.465735912322998
-3.465735912322998
-3.465735912322998
-3.465735912322998
-3.465735912322998
-3.465735912322998
-3.465735912322998
-3.465735912322998
-3.465735912322998
-3.465735912322998
-3.465735912322998
-3.465735912322998
-3.465735912322998
-3.465735912322998
-3.465735912322998
-3.465735912322998
-3.465735912322998
-3.465735912322998
-3.465735912322998
-3.465735912322998
-3.465735912322998
-3.465735912322998
-3.465735912322998
-3.465735912322998
-3.465735912322998
-3.465735912322998
-3.465735912322998
-3.465735912322998
-3.465735912322998
-3.465735912322998
-3.465735912322998
-3.465735912322998
-3.465735912322998
-3.465735912322998
-3.465735912322998
-3.465735912322998
-3.465735912322998
-3.465735912322998
-3.465735912322998
-3.465735912322998
-3.465735912322998
-3.465735912322998
-3.465735912322998
-3.465735912322998
-3.465735912322998
-3.465735912322998
-3.465735912322998
-3.465735912322998
-3.465735912322998
-3.465735912322998
-3.465735912322998
-3.465735912322998
-3.465735912322998
-3.465735912322998
-3.465735912322998
-3.465735912322998
-3.465735912322998
-3.465735912322998
-3.465735912322998
-3.465735912322998
-3.465735912322998
-3.465735912322998
-3.465735912322998
-3.465735912322998
-3.465735912322998
-3.465735912322998
-3.465735912322998
-3.465735912322998
-3.465735912322998
-3.465735912322998
-3.465735912322998
-3.465735912322998
-3.465735912322998
-3.465735912322998
-3.465735912322998
-3.465735912322998
-3.465735912322998
-3.465735912322998
-3.465735912322998
-3.465735912322998
-3.465735912322998
-3.465735912322998
-3.465735912322998
-3.465735912322998
-3.465735912322998
-3.465735912322998
-3.465735912322998
-3.465735912322998
-3.465735912322998
-3.465735912322998
-3.465735912322998
-3.465735912322998
-3.465735912322998
-3.465735912322998
-3.465735912322998
-3.465735912322998
-3.465735912322998
-3.465735912322998
-3.465735912322998
-3.465735912322998
-3.465735912322998
-3.465735912322998
-3.465735912322998
-3.465735912322998
-3.465735912322998
-3.465735912322998
-3.465735912322998
-3.465735912322998
-3.465735912322998
-3.465735912322998
-3.465735912322998
-3.465735912322998
-3.465735912322998
-3.465735912322998
-3.465735912322998
-3.465735912322998
-3.465735912322998
-3.465735912322998
-3.465735912322998
-3.465735912322998
-3.465735912322998
-3.465735912322998
-3.465735912322998
-3.465735912322998
-3.465735912322998
-3.465735912322998
-3.465735912322998
-3.465735912322998
-3.465735912322998
-3.465735912322998
-3.465735912322998
-3.465735912322998
-3.465735912322998
-3.465735912322998
-3.465735912322998
-3.465735912322998
-3.465735912322998
-3.465735912322998
-3.465735912322998
-3.465735912322998
-3.465735912322998
-3.465735912322998
-3.465735912322998
-3.465735912322998
-3.465735912322998
-3.465735912322998
-3.465735912322998
-3.465735912322998
-3.465735912322998
-3.465735912322998
-3.465735912322998
-3.465735912322998
-3.465735912322998
-3.465735912322998
-3.465735912322998
-3.465735912322998
-3.465735912322998
-3.465735912322998
-3.465735912322998
-3.465735912322998
-3.465735912322998
-3.465735912322998
-3.465735912322998
-3.465735912322998
-3.465735912322998
-3.465735912322998
-3.465735912322998
-3.465735912322998
-3.465735912322998
-3.465735912322998
-3.465735912322998
-3.465735912322998
-3.465735912322998
-3.465735912322998
-3.465735912322998
-3.465735912322998
-3.465735912322998
-3.465735912322998
-3.465735912322998
-3.465735912322998
-3.465735912322998
-3.465735912322998
-3.465735912322998
-3.465735912322998
-3.465735912322998
-3.465735912322998
-3.465735912322998
-3.465735912322998
-3.465735912322998
-3.465735912322998
-3.465735912322998
-3.465735912322998
-3.465735912322998
-3.465735912322998
-3.465735912322998
-3.465735912322998
-3.465735912322998
-3.465735912322998
-3.465735912322998
-3.465735912322998
-3.465735912322998
-3.465735912322998
-3.465735912322998
-3.465735912322998
-3.465735912322998
-3.465735912322998
-3.465735912322998
-3.465735912322998
-3.465735912322998
-3.465735912322998
-3.465735912322998
-3.465735912322998
-3.465735912322998
-3.465735912322998
-3.465735912322998
-3.465735912322998
-3.465735912322998
-3.465735912322998
-3.465735912322998
-3.465735912322998
-3.465735912322998
-3.465735912322998
-3.465735912322998
-3.465735912322998
-3.465735912322998
-3.465735912322998
-3.465735912322998
-3.465735912322998
-3.465735912322998
-3.465735912322998
-3.465735912322998
-3.465735912322998
-3.465735912322998
-3.465735912322998
-3.465735912322998
-3.465735912322998
-3.465735912322998
-3.465735912322998
-3.465735912322998
-3.465735912322998
-3.465735912322998
-3.465735912322998
-3.465735912322998
-3.465735912322998
-3.465735912322998
-3.465735912322998
-3.465735912322998
-3.465735912322998
-3.465735912322998
-3.465735912322998
-3.465735912322998
-3.465735912322998
-3.465735912322998
-3.465735912322998
-3.465735912322998
-3.465735912322998
-3.465735912322998
-3.465735912322998
-3.465735912322998
-3.465735912322998
-3.465735912322998
-3.465735912322998
-3.465735912322998
-3.465735912322998
-3.465735912322998
-3.465735912322998
-3.465735912322998
-3.465735912322998
-3.465735912322998
-3.465735912322998
-3.465735912322998
-3.465735912322998
-3.465735912322998
-3.465735912322998
-3.465735912322998
-3.465735912322998
-3.465735912322998
-3.465735912322998
-3.465735912322998
-3.465735912322998
-3.465735912322998
-3.465735912322998
-3.465735912322998
-3.465735912322998
-3.465735912322998
-3.465735912322998
-3.465735912322998
-3.465735912322998
-3.465735912322998
-3.465735912322998
-3.465735912322998
-3.465735912322998
-3.465735912322998
-3.465735912322998
-3.465735912322998
-3.465735912322998
-3.465735912322998
-3.465735912322998
-3.465735912322998
-3.465735912322998
-3.465735912322998
-3.465735912322998
-3.465735912322998
-3.465735912322998
-3.465735912322998
-3.465735912322998
-3.465735912322998
-3.465735912322998
-3.465735912322998
-3.465735912322998
-3.465735912322998
-3.465735912322998
-3.465735912322998
-3.465735912322998
-3.465735912322998
-3.465735912322998
-3.465735912322998
-3.465735912322998
-3.465735912322998
-3.465735912322998
-3.465735912322998
-3.465735912322998
-3.465735912322998
-3.465735912322998
-3.465735912322998
-3.465735912322998
-3.465735912322998
-3.465735912322998
-3.465735912322998
-3.465735912322998
-3.465735912322998
-3.465735912322998
-3.465735912322998
-3.465735912322998
-3.465735912322998
-3.465735912322998
-3.465735912322998
-3.465735912322998
-3.465735912322998
-3.465735912322998
-3.465735912322998
-3.465735912322998
-3.465735912322998
-3.465735912322998
-3.465735912322998
-3.465735912322998
-3.465735912322998
-3.465735912322998
-3.465735912322998
-3.465735912322998
-3.465735912322998
-3.465735912322998
-3.465735912322998
-3.465735912322998
-3.465735912322998
-3.465735912322998
-3.465735912322998
-3.465735912322998
-3.465735912322998
-3.465735912322998
-3.465735912322998
-3.465735912322998
-3.465735912322998
-3.465735912322998
-3.465735912322998
-3.465735912322998
-3.465735912322998
-3.465735912322998
-3.465735912322998
-3.465735912322998
-3.465735912322998
-3.465735912322998
-3.465735912322998
-3.465735912322998
-3.465735912322998
-3.465735912322998
-3.465735912322998
-3.465735912322998
-3.465735912322998
-3.465735912322998
-3.465735912322998
-3.465735912322998
-3.465735912322998
-3.465735912322998
-3.465735912322998
-3.465735912322998
-3.465735912322998
-3.465735912322998
-3.465735912322998
-3.465735912322998
-3.465735912322998
-3.465735912322998
-3.465735912322998
-3.465735912322998
-3.465735912322998
-3.465735912322998
-3.465735912322998
-3.465735912322998
-3.465735912322998
-3.465735912322998
-3.465735912322998
-3.465735912322998
-3.465735912322998
-3.465735912322998
-3.465735912322998
-3.465735912322998
-3.465735912322998
-3.465735912322998
-3.465735912322998
-3.465735912322998
-3.465735912322998
-3.465735912322998
-3.465735912322998
-3.465735912322998
-3.465735912322998
-3.465735912322998
-3.465735912322998
-3.465735912322998
-3.465735912322998
-3.465735912322998
-3.465735912322998
-3.465735912322998
-3.465735912322998
-3.465735912322998
-3.465735912322998
-3.465735912322998
-3.465735912322998
-3.465735912322998
-3.465735912322998
-3.465735912322998
-3.465735912322998
-3.465735912322998
-3.465735912322998
-3.465735912322998
-3.465735912322998
-3.465735912322998
-3.465735912322998
-3.465735912322998
-3.465735912322998
-3.465735912322998
-3.465735912322998
-3.465735912322998
-3.465735912322998
-3.465735912322998
-3.465735912322998
-3.465735912322998
-3.465735912322998
-3.465735912322998
-3.465735912322998
-3.465735912322998
-3.465735912322998
-3.465735912322998
-3.465735912322998
-3.465735912322998
-3.465735912322998
-3.465735912322998
-3.465735912322998
-3.465735912322998
-3.465735912322998
-3.465735912322998
-3.465735912322998
-3.465735912322998
-3.465735912322998
-3.465735912322998
-3.465735912322998
-3.465735912322998
-3.465735912322998
-3.465735912322998
-3.465735912322998
-3.465735912322998
-3.465735912322998
-3.465735912322998
-3.465735912322998
-3.465735912322998
-3.465735912322998
-3.465735912322998
-3.465735912322998
-3.465735912322998
-3.465735912322998
-3.465735912322998
-3.465735912322998
-3.465735912322998
-3.465735912322998
-3.465735912322998
-3.465735912322998
-3.465735912322998
-3.465735912322998
-3.465735912322998
-3.465735912322998
-3.465735912322998
-3.465735912322998
-3.465735912322998
-3.465735912322998
-3.465735912322998
-3.465735912322998
-3.465735912322998
-3.465735912322998
-3.465735912322998
-3.465735912322998
-3.465735912322998
-3.465735912322998
-3.465735912322998
-3.465735912322998
-3.465735912322998
-3.465735912322998
-3.465735912322998
-3.465735912322998
-3.465735912322998
-3.465735912322998
-3.465735912322998
-3.465735912322998
-3.465735912322998
-3.465735912322998
-3.465735912322998
-3.465735912322998
-3.465735912322998
-3.465735912322998
-3.465735912322998
-3.465735912322998
-3.465735912322998
-3.465735912322998
-3.465735912322998
-3.465735912322998
-3.465735912322998
-3.465735912322998
-3.465735912322998
-3.465735912322998
-3.465735912322998
-3.465735912322998
-3.465735912322998
-3.465735912322998
-3.465735912322998
-3.465735912322998
-3.465735912322998
-3.465735912322998
-3.465735912322998
-3.465735912322998
-3.465735912322998
-3.465735912322998
-3.465735912322998
-3.465735912322998
-3.465735912322998
-3.465735912322998
-3.465735912322998
-3.465735912322998
-3.465735912322998
-3.465735912322998
-3.465735912322998
-3.465735912322998
-3.465735912322998
-3.465735912322998
-3.465735912322998
-3.465735912322998
-3.465735912322998
-3.465735912322998
-3.465735912322998
-3.465735912322998
-3.465735912322998
-3.465735912322998
-3.465735912322998
-3.465735912322998
-3.465735912322998
-3.465735912322998
-3.465735912322998
-3.465735912322998
-3.465735912322998
-3.465735912322998
-3.465735912322998
-3.465735912322998
-3.465735912322998
-3.465735912322998
-3.465735912322998
-3.465735912322998
-3.465735912322998
-3.465735912322998
-3.465735912322998
-3.465735912322998
-3.465735912322998
-3.465735912322998
-3.465735912322998
-3.465735912322998
-3.465735912322998
-3.465735912322998
-3.465735912322998
-3.465735912322998
-3.465735912322998
-3.465735912322998
-3.465735912322998
-3.465735912322998
-3.465735912322998
-3.465735912322998
-3.465735912322998
-3.465735912322998
-3.465735912322998
-3.465735912322998
-3.465735912322998
-3.465735912322998
-3.465735912322998
-3.465735912322998
-3.465735912322998
-3.465735912322998
-3.465735912322998
-3.465735912322998
-3.465735912322998
-3.465735912322998
-3.465735912322998
-3.465735912322998
-3.465735912322998
-3.465735912322998
-3.465735912322998
-3.465735912322998
-3.465735912322998
-3.465735912322998
-3.465735912322998
-3.465735912322998
-3.465735912322998
-3.465735912322998
-3.465735912322998
-3.465735912322998
-3.465735912322998
-3.465735912322998
-3.465735912322998
-3.465735912322998
-3.465735912322998
-3.465735912322998
-3.465735912322998
-3.465735912322998
-3.465735912322998
-3.465735912322998
-3.465735912322998
-3.465735912322998
-3.465735912322998
-3.465735912322998
-3.465735912322998
-3.465735912322998
-3.465735912322998
-3.465735912322998
-3.465735912322998
-3.465735912322998
-3.465735912322998
-3.465735912322998
-3.465735912322998
-3.465735912322998
-3.465735912322998
-3.465735912322998
-3.465735912322998
-3.465735912322998
-3.465735912322998
-3.465735912322998
-3.465735912322998
-3.465735912322998
-3.465735912322998
-3.465735912322998
-3.465735912322998
-3.465735912322998
-3.465735912322998
-3.465735912322998
-3.465735912322998
-3.465735912322998
-3.465735912322998
-3.465735912322998
-3.465735912322998
-3.465735912322998
-3.465735912322998
-3.465735912322998
-3.465735912322998
-3.465735912322998
-3.465735912322998
-3.465735912322998
-3.465735912322998
-3.465735912322998
-3.465735912322998
-3.465735912322998
-3.465735912322998
-3.465735912322998
-3.465735912322998
-3.465735912322998
-3.465735912322998
-3.465735912322998
-3.465735912322998
-3.465735912322998
-3.465735912322998
-3.465735912322998
-3.465735912322998
-3.465735912322998
-3.465735912322998
-3.465735912322998
-3.465735912322998
-3.465735912322998
-3.465735912322998
-3.465735912322998
-3.465735912322998
-3.465735912322998
-3.465735912322998
-3.465735912322998
-3.465735912322998
-3.465735912322998
-3.465735912322998
-3.465735912322998
-3.465735912322998
-3.465735912322998
-3.465735912322998
-3.465735912322998
-3.465735912322998
-3.465735912322998
-3.465735912322998
-3.465735912322998
-3.465735912322998
-3.465735912322998
-3.465735912322998
-3.465735912322998
-3.465735912322998
-3.465735912322998
-3.465735912322998
-3.465735912322998
-3.465735912322998
-3.465735912322998
-3.465735912322998
-3.465735912322998
-3.465735912322998
-3.465735912322998
-3.465735912322998
-3.465735912322998
-3.465735912322998
-3.465735912322998
-3.465735912322998
-3.465735912322998
-3.465735912322998
-3.465735912322998
-3.465735912322998
-3.465735912322998
-3.465735912322998
-3.465735912322998
-3.465735912322998
-3.465735912322998
-3.465735912322998
-3.465735912322998
-3.465735912322998
-3.465735912322998
-3.465735912322998
-3.465735912322998
-3.465735912322998
-3.465735912322998
-3.465735912322998
-3.465735912322998
-3.465735912322998
-3.465735912322998
-3.465735912322998
-3.465735912322998
-3.465735912322998
-3.465735912322998
-3.465735912322998
-3.465735912322998
-3.465735912322998
-3.465735912322998
-3.465735912322998
-3.465735912322998
-3.465735912322998
-3.465735912322998
-3.465735912322998
-3.465735912322998
-3.465735912322998
-3.465735912322998
-3.465735912322998
-3.465735912322998
-3.465735912322998
-3.465735912322998
-3.465735912322998
-3.465735912322998
-3.465735912322998
-3.465735912322998
-3.465735912322998
-3.465735912322998
-3.465735912322998
-3.465735912322998
-3.465735912322998
-3.465735912322998
-3.465735912322998
-3.465735912322998
-3.465735912322998
-3.465735912322998
-3.465735912322998
-3.465735912322998
-3.465735912322998
-3.465735912322998
-3.465735912322998
-3.465735912322998
-3.465735912322998
-3.465735912322998
-3.465735912322998
-3.465735912322998
-3.465735912322998
-3.465735912322998
-3.465735912322998
-3.465735912322998
-3.465735912322998
-3.465735912322998
-3.465735912322998
-3.465735912322998
-3.465735912322998
-3.465735912322998
-3.465735912322998
-3.465735912322998
-3.465735912322998
-3.465735912322998
-3.465735912322998
-3.465735912322998
-3.465735912322998
-3.465735912322998
-3.465735912322998
-3.465735912322998
-3.465735912322998
-3.465735912322998
-3.465735912322998
-3.465735912322998
-3.465735912322998
-3.465735912322998
-3.465735912322998
-3.465735912322998
-3.465735912322998
-3.465735912322998
-3.465735912322998
-3.465735912322998
-3.465735912322998
-3.465735912322998
-3.465735912322998
-3.465735912322998
-3.465735912322998
-3.465735912322998
-3.465735912322998
-3.465735912322998
-3.465735912322998
-3.465735912322998
-3.465735912322998
-3.465735912322998
-3.465735912322998
-3.465735912322998
-3.465735912322998
-3.465735912322998
-3.465735912322998
-3.465735912322998
-3.465735912322998
-3.465735912322998
-3.465735912322998
-3.465735912322998
-3.465735912322998
-3.465735912322998
-3.465735912322998
-3.465735912322998
-3.465735912322998
-3.465735912322998
-3.465735912322998
-3.465735912322998
-3.465735912322998
-3.465735912322998
-3.465735912322998
-3.465735912322998
-3.465735912322998
-3.465735912322998
-3.465735912322998
-3.465735912322998
-3.465735912322998
-3.465735912322998
-3.465735912322998
-3.465735912322998
-3.465735912322998
-3.465735912322998
-3.465735912322998
-3.465735912322998
-3.465735912322998
-3.465735912322998
-3.465735912322998
-3.465735912322998
-3.465735912322998
-3.465735912322998
-3.465735912322998
-3.465735912322998
-3.465735912322998
-3.465735912322998
-3.465735912322998
-3.465735912322998
-3.465735912322998
-3.465735912322998
-3.465735912322998
-3.465735912322998
-3.465735912322998
-3.465735912322998
-3.465735912322998
-3.465735912322998
-3.465735912322998
-3.465735912322998
-3.465735912322998
-3.465735912322998
-3.465735912322998
-3.465735912322998
-3.465735912322998
-3.465735912322998
-3.465735912322998
-3.465735912322998
-3.465735912322998
-3.465735912322998
-3.465735912322998
-3.465735912322998
-3.465735912322998
-3.465735912322998
-3.465735912322998
-3.465735912322998
-3.465735912322998
-3.465735912322998
-3.465735912322998
-3.465735912322998
-3.465735912322998
-3.465735912322998
-3.465735912322998
-3.465735912322998
-3.465735912322998
-3.465735912322998
-3.465735912322998
-3.465735912322998
-3.465735912322998
-3.465735912322998
-3.465735912322998
-3.465735912322998
-3.465735912322998
-3.465735912322998
-3.465735912322998
-3.465735912322998
-3.465735912322998
-3.465735912322998
-3.465735912322998
-3.465735912322998
-3.465735912322998
-3.465735912322998
-3.465735912322998
-3.465735912322998
-3.465735912322998
-3.465735912322998
-3.465735912322998
-3.465735912322998
-3.465735912322998
-3.465735912322998
-3.465735912322998
-3.465735912322998
-3.465735912322998
-3.465735912322998
-3.465735912322998
-3.465735912322998
-3.465735912322998
-3.465735912322998
-3.465735912322998
-3.465735912322998
-3.465735912322998
-3.465735912322998
-3.465735912322998
-3.465735912322998
-3.465735912322998
-3.465735912322998
-3.465735912322998
-3.465735912322998
-3.465735912322998
-3.465735912322998
-3.465735912322998
-3.465735912322998
-3.465735912322998
-3.465735912322998
-3.465735912322998
-3.465735912322998
-3.465735912322998
-3.465735912322998
-3.465735912322998
-3.465735912322998
-3.465735912322998
-3.465735912322998
-3.465735912322998
-3.465735912322998
-3.465735912322998
-3.465735912322998
-3.465735912322998
-3.465735912322998
-3.465735912322998
-3.465735912322998
-3.465735912322998
-3.465735912322998
-3.465735912322998
-3.465735912322998
-3.465735912322998
-3.465735912322998
-3.465735912322998
-3.465735912322998
-3.465735912322998
-3.465735912322998
-3.465735912322998
-3.465735912322998
-3.465735912322998
-3.465735912322998
-3.465735912322998
-3.465735912322998
-3.465735912322998
-3.465735912322998
-3.465735912322998
-3.465735912322998
-3.465735912322998
-3.465735912322998
-3.465735912322998
-3.465735912322998
-3.465735912322998
-3.465735912322998
-3.465735912322998
-3.465735912322998
-3.465735912322998
-3.465735912322998
-3.465735912322998
-3.465735912322998
-3.465735912322998
-3.465735912322998
-3.465735912322998
-3.465735912322998
-3.465735912322998
-3.465735912322998
-3.465735912322998
-3.465735912322998
-3.465735912322998
-3.465735912322998
-3.465735912322998
-3.465735912322998
-3.465735912322998
-3.465735912322998
-3.465735912322998
-3.465735912322998
-3.465735912322998
-3.465735912322998
-3.465735912322998
-3.465735912322998
-3.465735912322998
-3.465735912322998
-3.465735912322998
-3.465735912322998
-3.465735912322998
-3.465735912322998
-3.465735912322998
-3.465735912322998
-3.465735912322998
-3.465735912322998
-3.465735912322998
-3.465735912322998
-3.465735912322998
-3.465735912322998
-3.465735912322998
-3.465735912322998
-3.465735912322998
-3.465735912322998
-3.465735912322998
-3.465735912322998
-3.465735912322998
-3.465735912322998
-3.465735912322998
-3.465735912322998
-3.465735912322998
-3.465735912322998
-3.465735912322998
-3.465735912322998
-3.465735912322998
-3.465735912322998
-3.465735912322998
-3.465735912322998
-3.465735912322998
-3.465735912322998
-3.465735912322998
-3.465735912322998
-3.465735912322998
-3.465735912322998
-3.465735912322998
-3.465735912322998
-3.465735912322998
-3.465735912322998
-3.465735912322998
-3.465735912322998
-3.465735912322998
-3.465735912322998
-3.465735912322998
-3.465735912322998
-3.465735912322998
-3.465735912322998
-3.465735912322998
-3.465735912322998
