0.49682 0.50318 0.50318 0.49662 0.50318 
0.49682 0.50318 0.50318 0.49682 0.50318 
0.49682 0.50318 0.50318 0.49682 0.50318 
0.49682 0.50318 0.50318 0.49682 0.50318 
0.49682 0.50318 0.50318 0.49682 0.50318 
0.49682 0.50318 0.50318 0.49682 0.50318 
0.49682 0.50318 0.50318 0.49682 0.50318 
0.49682 0.50318 0.50318 0.49682 0.50318 
0.49682 0.50318 0.50318 0.49682 0.50318 
0.49682 0.50318 0.50318 0.49682 0.50318 
0.49682 0.50318 0.50318 0.49682 0.50318 
0.49682 0.50318 0.50318 0.49682 0.50318 
0.49682 0.50318 0.50318 0.49682 0.50318 
0.49682 0.50318 0.50318 0.49682 0.50318 
0.49682 0.50318 0.50318 0.49682 0.50318 
0.49682 0.50318 0.50318 0.49682 0.50318 
0.49682 0.50318 0.50318 0.49682 0.50318 
0.49682 0.50318 0.50318 0.49682 0.50318 
0.49682 0.50318 0.50318 0.49682 0.50318 
0.49682 0.50318 0.50318 0.49682 0.50318 
0.49682 0.50318 0.50318 0.49682 0.50318 
0.49682 0.50318 0.50318 0.49682 0.50318 
0.49682 0.50318 0.50318 0.49682 0.50318 
0.49682 0.50318 0.50318 0.49682 0.50318 
0.49682 0.50318 0.50318 0.49682 0.50318 
0.49682 0.50318 0.50318 0.49682 0.50318 
0.49682 0.50318 0.50318 0.49682 0.50318 
0.49682 0.50318 0.50318 0.49682 0.50318 
0.49682 0.50318 0.50318 0.49682 0.50318 
0.49682 0.50318 0.50318 0.49682 0.50318 
0.49682 0.50318 0.50318 0.49682 0.50318 
0.49682 0.50318 0.50318 0.49682 0.50318 
0.49682 0.50318 0.50318 0.49682 0.50318 
0.49682 0.50318 0.50318 0.49682 0.50318 
0.49682 0.50318 0.50318 0.49682 0.50318 
0.49682 0.50318 0.50318 0.49682 0.50318 
0.49682 0.50318 0.50318 0.49682 0.50318 
0.49682 0.50318 0.50318 0.49682 0.50318 
0.49682 0.50318 0.50318 0.49682 0.50318 
0.49682 0.50318 0.50318 0.49682 0.50318 
0.49682 0.50318 0.50318 0.49682 0.50318 
0.49682 0.50318 0.50318 0.49682 0.50318 
0.49682 0.50318 0.50318 0.49682 0.50318 
0.49682 0.50318 0.50318 0.49682 0.50318 
0.49682 0.50318 0.50318 0.49682 0.50318 
0.49682 0.50318 0.50318 0.49682 0.50318 
0.49682 0.50318 0.50318 0.49682 0.50318 
0.49682 0.50318 0.50318 0.49682 0.50318 
0.49682 0.50318 0.50318 0.49682 0.50318 
0.49682 0.50318 0.50318 0.49682 0.50318 
0.49682 0.50318 0.50318 0.49682 0.50318 
0.49682 0.50318 0.50318 0.49682 0.50318 
0.49682 0.50318 0.50318 0.49682 0.50318 
0.49682 0.50318 0.50318 0.49682 0.50318 
0.49682 0.50318 0.50318 0.49682 0.50318 
0.49682 0.50318 0.50318 0.49682 0.50318 
0.49682 0.50318 0.50318 0.49682 0.50318 
0.49682 0.50318 0.50318 0.49682 0.50318 
0.49682 0.50318 0.50318 0.49682 0.50318 
0.49682 0.50318 0.50318 0.49682 0.50318 
0.49682 0.50318 0.50318 0.49682 0.50318 
0.49682 0.50318 0.50318 0.49682 0.50318 
0.49682 0.50318 0.50318 0.49682 0.50318 
0.49682 0.50318 0.50318 0.49682 0.50318 
0.49682 0.50318 0.50318 0.49682 0.50318 
0.49682 0.50318 0.50318 0.49682 0.50318 
0.49682 0.50318 0.50318 0.49682 0.50318 
0.49682 0.50318 0.50318 0.49682 0.50318 
0.49682 0.50318 0.50318 0.49682 0.50318 
0.49682 0.50318 0.50318 0.49682 0.50318 
0.49682 0.50318 0.50318 0.49682 0.50318 
0.49682 0.50318 0.50318 0.49682 0.50318 
0.49682 0.50318 0.50318 0.49682 0.50318 
0.49682 0.50318 0.50318 0.49682 0.50318 
0.49682 0.50318 0.50318 0.49682 0.50318 
0.49682 0.50318 0.50318 0.49682 0.50318 
0.49682 0.50318 0.50318 0.49682 0.50318 
0.49682 0.50318 0.50318 0.49682 0.50318 
0.49682 0.50318 0.50318 0.49682 0.50318 
0.49682 0.50318 0.50318 0.49682 0.50318 
0.49682 0.50318 0.50318 0.49682 0.50318 
0.49682 0.50318 0.50318 0.49682 0.50318 
0.49682 0.50318 0.50318 0.49682 0.50318 
0.49682 0.50318 0.50318 0.49682 0.50318 
0.49682 0.50318 0.50318 0.49682 0.50318 
0.49682 0.50318 0.50318 0.49682 0.50318 
0.49682 0.50318 0.50318 0.49682 0.50318 
0.49682 0.50318 0.50318 0.49682 0.50318 
0.49682 0.50318 0.50318 0.49682 0.50318 
0.49682 0.50318 0.50318 0.49682 0.50318 
0.49682 0.50318 0.50318 0.49682 0.50318 
0.49682 0.50318 0.50318 0.49682 0.50318 
0.49682 0.50318 0.50318 0.49682 0.50318 
0.49682 0.50318 0.50318 0.49682 0.50318 
0.49682 0.50318 0.50318 0.49682 0.50318 
0.49682 0.50318 0.50318 0.49682 0.50318 
0.49682 0.50318 0.50318 0.49682 0.50318 
0.49682 0.50318 0.50318 0.49682 0.50318 
0.49682 0.50318 0.50318 0.49682 0.50318 
0.49682 0.50318 0.50318 0.49682 0.50318 
