25.261298850369272
21.088342420280437
20.323070040749162
20.044286444973764
19.937157704092353
19.89657143985524
19.78374837792438
19.71878501033539
19.71212731236997
19.620110448364102
19.570791046942592
19.58206796524165
19.54582197038109
19.552940707682342
19.570872370239414
19.488773355703525
19.46749155966522
19.504289134384116
19.397753200872476
19.39361880563409
19.44489111985697
19.388331708395878
19.377520649024593
19.30559852239116
19.28173920077741
19.260124513865126
19.294762538217217
19.218006055983132
19.162341159322988
19.138681380035322
19.145618921655522
19.14914301899083
19.17601803928385
19.15616799620411
19.132244834509653
19.157291468452005
19.1039095876162
19.08478144428614
19.156185340393534
19.079480102909802
19.093893341396164
19.044239056384775
19.10227060683853
19.080736748092924
19.073670704346483
19.053186065400652
19.01806985996568
18.981222062464564
19.02788839559726
19.005178434464632
18.969866245299045
18.9990744090751
19.00655279622968
19.08980781038094
19.024708062486575
18.980598122872355
19.001453587466187
19.038084456987697
18.99848731399497
19.020583686926177
18.950122328365552
18.977040307905973
18.941797912578142
18.973175217123593
18.966015491339252
18.99485057577148
18.98357900634141
19.025702164301176
18.990261019343304
18.950226086179924
18.949001448843486
18.96441124284359
18.921324539672383
18.96623080221893
18.951804051313864
18.981058215851064
18.96313136069061
18.987309865634458
18.939241592231614
18.908561855325917
18.919920850592806
18.92799146218068
18.842300010154315
18.87498975592806
18.903210300923615
18.844073859017218
18.860356325993454
18.839591267773564
18.843090050055853
18.853193909920694
18.790846231953264
18.839789656422024
18.877793599882395
18.871668503412504
18.85813468923349
18.90523399782303
18.815218493761613
18.848821979044647
18.872245015390693
18.78554090758419
18.860676184944484
18.868852400718747
18.793823856831818
18.83586295974224
18.766353412052556
18.807908180119743
18.759090767492115
18.78238750174832
18.80264812235332
18.775132684146655
18.803017130898088
18.79148704743446
18.77691315994848
18.771810390150456
18.792414206677996
18.76098066705572
18.820538869599247
18.910480950494556
18.82853126525879
18.800543570457517
18.80412393945562
18.75369347086953
18.80974126410911
18.79975215492346
18.751820288655704
18.735326562086335
18.83637419746965
18.76593464658693
18.720269703194308
18.717285653819207
18.722726260914524
18.833091350467612
18.757517058526158
18.717137080629158
18.698020466758162
18.74561602502223
18.7934093597295
18.727857955581392
18.736303327028708
18.759330822683662
18.742530976414987
18.771251388218094
18.822271593391438
18.749740629854713
18.70705549186453
18.718590472970167
18.727155517129336
18.697643148319802
18.74232712426149
18.76036200803869
18.877549069007035
18.751658585980117
18.709668071678532
18.6978946232125
18.69352287038818
18.759599329565493
18.69248635811574
18.702094658561375
18.65775964693035
18.72541951767319
18.69974617092201
18.73248766145438
18.711288935083257
18.747095656821795
18.69059856346501
18.68885038088045
18.75676082650109
18.736884795186466
18.683930636062037
18.705590989583595
18.733741087072037
18.690449909785823
18.718325727126178
18.708382282110737
18.727380613536784
18.755402925984026
18.76551618356534
18.675261221883243
18.740076962639304
18.68881207292952
18.70527169893465
18.779782717185252
18.672612165855934
18.680210006206543
18.64923961815017
18.66834922702721
18.743953143849094
18.69648792920515
18.72140973669184
18.697487584770183
18.6568254802538
18.682844418089104
18.662394794356793
18.730060838372506
18.771917579728928
18.698650916214184
18.68548143733188
18.696585662529596
18.687255220340035
18.659709535291434
18.76881647963658
18.718018387894496
18.688177516088462
18.69513185554758
18.709399396501233
18.727560523830718
18.71489369472884
18.753020162167758
18.68036822589767
18.693445888626606
18.657495740124638
18.716090029157947
18.639506205878295
18.683330533449606
18.66525823198011
18.682233773838835
18.731907744541804
18.621584577633598
18.684952023693974
18.70199567643578
18.695027595285868
18.726717883058825
18.71462598786025
18.679227911907695
18.685770829925147
18.691649358900612
18.670040715990773
18.63628679895035
18.681161865858776
18.659848779058823
18.65615750578663
18.679646018825835
18.65812456272447
18.716539682939533
18.763767271700416
18.733323109424326
18.62704453139049
18.65393450802854
18.68548460079886
18.70513023074021
18.746520591209002
18.686769048881043
18.71239966077878
18.657169163989288
18.7431608868377
18.729694212793998
18.726600944538557
18.75716325511103
18.674030277125365
18.69549313469616
18.708714038819608
18.6405736893949
18.66949578014481
18.743946204709886
18.67711370863268
18.672334149060653
18.668838379023324
18.673020436025947
18.662424519238876
18.702079263184686
18.722684769984095
18.69954548711362
18.641689459076318
18.65122165582369
18.644728875221194
18.623415907935414
18.659609926326194
18.642067987290794
18.6106387940819
18.64392891808239
18.60058460577065
18.645156306683866
18.71419963202513
18.617216576090858
18.65288824193618
18.732518622942287
18.658266589464738
18.64032297305134
18.64936902516943
18.70657124482762
18.60272425824724
18.646037660291434
18.604788007028876
18.71752348702277
18.658195412677266
18.656498801677735
18.665192082105087
18.72335802258738
18.66081651946163
18.64356768039791
18.64588573582642
18.604413315463248
18.71902146058924
18.638955543108302
18.637649121491805
18.60603939114934
18.66898353508366
18.715547486034502
18.706317916245716
18.611941637590412
18.626833608388292
18.61464759699829
18.652481732770916
18.65044135998582
18.662403201812978
18.708946706084035
18.662281387602278
18.71669969534325
18.687311582248228
18.721730907859705
18.67006069437012
18.68253576420152
18.66677672295924
18.627115422807385
18.63981523294278
18.607402525899357
18.638756317860636
18.662334434821478
18.62217697524049
18.669198565470897
18.629011232224876
18.64153104426001
18.72075021846215
18.605318564588153
18.599721352462574
18.693000573941205
18.678157928349723
18.6179380563214
18.624272634306223
18.710613575128033
18.666221125961265
18.658800332442574
18.631678381234483
18.620467015239587
18.71607790212802
18.631108932787804
18.588404262767117
18.666502464762733
18.604929709373533
18.69997171611737
18.70855144344632
18.704678796441353
18.66064210681964
18.616620539399364
18.590182650729517
18.630606014710253
18.669027711424377
18.63016120735032
18.648346008242243
18.710848069251956
18.642280102995656
18.659339046234365
18.636548403278947
18.63125433275462
18.666735202760037
18.63369454142383
18.668412093921084
18.67875727973021
18.654487380591195
18.646824961123258
18.70071241861719
18.644086381663445
18.630056359274004
18.611788878965257
18.641205768146172
18.69139161317245
18.641973251576925
18.613392468913435
18.659797229425376
18.649082437500624
18.6980250375655
18.620707355801713
18.644588753390494
18.566701991478805
18.62838976096619
18.66209951630029
18.605269529630462
18.670721058955277
18.783988755072475
18.66587680806894
18.64059171652245
18.711420390916906
18.748503914269644
18.5759415443596
18.6441935102653
18.59088597700114
18.608961293154664
18.63516332670246
18.66825141321363
18.640525120298577
18.721854446489182
18.707416990528937
18.65879012739567
18.615453505455076
18.68905697454272
18.663369010476504
18.62662231952638
18.656601618013113
18.64709022160991
18.650399454414387
18.65299769496674
18.673450060207827
18.63550045179284
18.619072109232167
18.565183098053993
18.67059142754206
18.638690263109133
18.568381070480932
18.70211723454468
18.632133620474345
18.596738412861935
18.590282120668064
18.66367824730056
18.60752412547236
18.664412696038365
18.64395235993368
18.68506983296036
18.66397070335915
18.678163201607706
18.734040631052782
18.723066695815767
18.594444082216228
18.647593227493793
18.62891086227144
18.6742161997139
18.74212220135857
18.645715213492704
18.677711720966624
18.596202925952802
18.677949795637595
18.639925685989887
18.602565348300786
18.734990095543434
18.619774945251777
18.660233948846606
18.612287526240433
18.627027257933946
18.58954049620177
18.662516147584256
18.61338034188351
18.688332411334336
18.665302815644637
18.661843465722125
18.669910313833096
18.66550066525979
18.65847904907773
18.64315992974869
18.6651542278202
18.6247328955804
18.599365719748885
18.61780667609876
18.660808497377673
18.65267852627103
18.670790684497568
18.623092026966614
18.7181490998134
18.669353714379508
18.69604519992838
18.601514408960366
18.614258302752013
18.659995186359374
18.678366922051705
18.734729798553545
18.60903487729904
18.632049792258027
18.612661325108366
18.588428009501502
18.59751523303254
18.645255186368743
18.65550743161565
18.61274049227195
18.600339157806943
18.59243562947149
18.603226969004286
18.611379057550064
18.6017870671304
18.68569301888156
18.705570442902157
18.68711119600574
18.626258011059385
18.618869820519176
18.58192478726282
18.643110924059776
18.594889943252134
18.59376154897158
18.600755135421558
18.620481300841817
18.608075766307312
18.66789887323404
18.629729909970024
18.63554252322068
18.60109273856863
18.594100227746207
18.61466472655001
18.66489223080218
18.640997293964983
18.640902668009023
18.591790101717194
18.618673985571508
18.6428564588737
18.624385563004047
18.603037909778486
18.609660153498734
18.603384627710522
18.64290664994808
18.61930313988415
18.614288920331795
18.525926426548484
18.591106205035352
18.59107615575766
18.59857118709008
18.588472334625166
18.605991975730642
18.63152273719573
18.581738781746086
18.62164635914366
18.63727498115481
18.612865935810998
18.69104530012516
18.578151239458556
18.623393605127358
18.721144185956483
18.80708330793454
18.605060945691356
18.660576276462095
18.654779200053884
18.592971716390547
18.614730313001083
18.622842349664634
18.64877653975621
18.70374601027545
18.657513911157007
18.656365462886097
18.639975662426572
18.654843127940925
18.642748913191774
18.65235084280029
18.645796607522403
18.64209972196223
18.70772126873436
18.695820091325608
18.617444606693198
18.58621668754636
18.6794318738191
18.606045974185093
18.597238155277182
18.588231603812684
18.584787527313622
18.653071283989245
18.65200602002156
18.580356480825284
18.672490517501636
18.632765916302382
18.636200068246982
18.64552122003892
18.57816956415201
18.5930514323437
18.577506487326854
18.610218682252537
18.624088936144737
18.519944008049148
18.56672786995578
18.605341767411097
18.644646432393653
18.67880408538272
18.679672707072303
18.637680748844392
18.618955604865423
18.64123398568624
18.68363279942661
18.738716991356267
18.686280111522624
18.61623508180194
18.597434756091182
18.603557415935388
18.571535178767444
18.523283068176426
18.543580023528975
18.57285972751315
18.589300106858353
18.55142452649753
18.577333925935008
18.626444153163742
18.565627949317093
18.565968598856035
18.57688181113709
18.649308494899582
18.604317582171895
18.656249736581007
18.53590268186291
18.577780762596813
18.657935908383422
18.63627769636071
18.612709013702315
18.58517398248853
18.52468816947449
18.637389922081052
18.647116470824727
18.51969892838422
18.565920512694532
18.5810331212895
18.559324093791833
18.60282558919219
18.59426590365827
18.588216937716354
18.533580255630376
18.53973915265954
18.595985097958305
18.584720074978023
18.60917427960564
18.60937088041964
18.54473325724492
18.589693201167503
18.552233381344536
18.559601066667405
18.595889674428175
18.641805173186086
18.59923959814984
18.54292221752274
18.56365111904681
18.565122214119757
18.5570957300913
18.5469621990038
18.55264716623994
18.54295460830259
18.611998423895873
18.618613089441947
18.658207822638705
18.606747268715782
18.6116213347296
18.625855097075558
18.54759820464932
18.566707628157438
18.565260284697004
18.594880433338684
18.663231739912497
18.651661094802115
18.629537955574367
18.57849513051455
18.571978951963928
18.581015216115187
18.668539742374666
18.6128275010287
18.54569582683046
18.54504980150696
18.638093267865194
18.601716175713502
18.553170357823678
18.548034126496376
18.614130129899515
18.603854930614265
18.51464100810878
18.553225848985754
18.57951016194375
18.59607606043901
18.589424265010276
18.543973976388916
18.528942859386238
18.595610077118934
18.538628341596755
18.54300504816158
18.563276764072114
18.555691853203736
18.58526306688938
18.555180515474675
18.55823814167696
18.522266024518807
18.51653758827073
18.55896540005189
18.568092424241478
18.59670475620748
18.546351679145832
18.63039340631431
18.63059763408378
18.53919468023588
18.530177543230373
18.59431435324042
18.636022260426866
18.550628171857362
18.594231181132518
18.57968084525574
18.591785040657843
18.559133985768195
18.64021559566488
18.580666949377036
18.60966732678816
18.5714940975999
18.570438836236743
18.577350718895797
18.564522428585747
18.60619827914421
18.648862165563248
18.946096444678734
18.723365720275723
18.627371851440586
18.558372143894207
18.6247256930222
18.589974659483147
18.58410155498768
18.602321293043055
18.636921928971624
18.566989896242575
18.62406271132057
18.55304287034837
18.577588415511734
18.560331764123628
18.55101593681004
18.688664348534
18.582029437774892
18.61254373291874
18.61649280557852
18.58483650861189
18.585737557667297
18.608084705479616
18.59926898400192
18.657946969542053
18.544430108326477
18.60066602175193
18.549347170173665
18.563889481527422
18.54476168210549
18.56818206962722
18.54103994979273
18.542815674296424
18.62877054043743
18.581219399981485
18.52526884249714
18.550860309844737
18.56638952777209
18.559163754553442
18.594557462141033
18.512760735533732
18.513292197986026
18.513309617786458
18.625962428119788
18.5955643178252
18.549161747593406
18.51816912502279
18.54457503755379
18.51321260886424
18.527728712467283
18.521263322561904
18.60410975434286
18.667299168189164
18.6205466580208
18.626442653138923
18.61817057724194
18.5756204170949
18.616815320671062
18.626482178183164
18.560231601490695
18.584996633212583
18.53918587033401
18.55400434967197
18.601337584083343
18.566444084772368
18.51910328438215
18.567093010143857
18.520712071977307
18.536679431300637
18.550176771705413
18.535245870995094
18.5702763554995
18.536414343987584
18.588534806390552
18.60549582849683
18.582370416587576
18.52671243711506
18.540989212367844
18.558988466287207
18.559613959563663
18.544730023045066
18.587533033717317
18.58074993855508
18.534222651625534
18.55564915005813
18.509545645750393
18.533351983560625
18.536580558932954
18.521652231435947
18.517281124963784
18.52102784549489
18.560749741771335
18.537333027481118
18.52722025039556
18.54192209121821
18.52893656659919
18.6134333208089
18.530311882038557
18.517376097266936
18.61365758061714
18.64243348846045
18.577565422448355
18.589797746799793
18.579821354897735
18.542395913692385
18.570116830908734
18.51513059425842
18.51997349146382
18.561822398544273
18.54090622806793
18.625423253344756
18.57526910884301
18.62734764616203
18.597877570735218
18.53955041051216
18.504442407651936
18.522028735226684
18.551553979859023
18.625688399195365
18.58444628752101
18.587887149332733
18.535117712776984
18.55028191978669
18.570634971189378
18.549266527375906
18.553201590047774
18.539743213702344
18.576623772721156
18.702865066430757
18.817805987794685
18.731572585337606
18.726557580406404
18.57801055908203
18.58771868800873
18.627507943936322
18.66288562686852
18.597250953049915
18.633398890190417
18.625705789727018
18.699114938526204
18.694981721356093
18.710195392598887
18.550654286923617
18.524120540570117
18.563762140396
18.603636383095665
18.556106357623243
18.550017771513566
18.634851804474735
18.530433464538106
18.55733489258515
18.515181687786757
18.563080521800632
18.542953671701728
18.608101030139974
18.67071604667722
18.513062713701096
18.505410448059706
18.53331216826768
18.54605484496602
18.537656493808914
18.52042455502483
18.568826016867558
18.53727414601904
18.608199558599527
18.585348697574545
18.588622302960253
18.532133056074763
18.538434253019446
18.548910182455312
18.525563244929398
18.566292006646275
18.58368110900645
18.547319602478495
18.55948322081505
18.58772319296132
18.55151178159982
18.56034612777593
18.582896183823685
18.53634762337141
18.52835837898352
18.535787199464295
18.600525007223535
18.582663314116886
18.62637350809239
18.634792154707263
18.578757478757893
18.54829027951526
18.57977519315832
18.52582682977857
18.543044336616536
18.563087868263654
18.55019761351368
18.55733936095177
18.552082486164846
18.552874172435086
18.558563710478566
18.54526535873218
18.579705818839695
18.61126815815411
18.552712750251946
18.58166889766293
18.54872848920505
18.592228772390225
18.58800564153725
18.530924338513934
18.546869624301294
18.610671426329162
18.53529318153401
18.540313279232407
18.617177002265326
18.668350424608
18.58288511046973
18.529014165444142
18.61248170506314
18.588703782357218
18.520029077749424
18.597016490633834
18.67482459514647
18.61436761431682
18.58031047518601
18.604088095447903
18.489605854844193
18.526904620782798
18.5821416689002
18.688356975155415
18.62126380159422
18.565110165139902
18.50362883565371
18.49896422188605
18.52184451754441
18.5879272329228
18.57084337951582
18.547714101688943
18.56767465635334
18.56533772500275
18.590272676609363
18.56968497986074
18.598682410881647
18.56644017007345
18.656362482348975
18.588918420055027
18.521593791444587
18.49242818934838
18.531972775373923
18.57460094900692
18.674346918949997
18.57966978409711
18.579793666634718
18.552705728184538
18.534004352891536
18.576513266014626
18.57170769869519
18.619243002303726
18.579707626186675
18.547572618860112
18.541706255939612
18.572439157139616
18.611218225620593
18.625218735326587
18.55910583164381
18.506078603017666
18.556953325295996
18.5890652273622
18.549237590311737
18.47990273331742
18.495424863322615
18.536820911690402
18.585319055620666
18.556810715619257
18.56133818565427
18.538399196341825
18.562895699230303
18.565466651526254
18.580654280874736
18.63881663593185
18.63246229664444
18.539297335592988
18.517642245573157
18.569839699493954
18.56351597046913
18.555713916983446
18.548590447896583
18.604082127056465
18.617548005965055
18.538306702128455
18.620579617102738
18.580330097461907
18.578378189555213
18.514559789691738
18.533684608576547
18.527144341822474
18.49659515585741
18.524508681138762
18.540936238320587
18.537740458612856
18.550028510715652
18.514176068708416
18.505984740488973
18.597276992505165
18.725227753524585
18.604202792467667
18.526837526989716
18.559025698610583
18.567507863349622
18.524065388438036
18.594148494398503
18.711944984962873
18.58660984771026
18.505918429635674
18.53239005057098
18.519918885682245
18.536458549597075
18.514490100733763
18.544923657956332
18.574192891035544
18.506193112229447
18.474852864394713
18.593671920659293
18.607527898705523
18.540797331144134
18.534021592201174
18.531680531513967
18.57519232708475
18.53964294375056
18.598324558619037
18.543602253165087
18.538941856540376
18.703587068621154
18.705156582395745
18.639362066907957
18.69776134539748
18.610828443561367
18.535442625470175
18.50039754804138
18.546968530815885
18.527337896244607
18.51187578918379
18.53237180636667
18.58917551699197
18.564509867402293
18.585717606117658
18.577404651495502
18.50523899156419
18.496442924070237
18.439579614897823
18.48350023186725
18.570279209205257
18.54864933423679
18.476828460498233
18.542598590216674
18.47842629913174
18.438061380020493
18.43330695501069
18.529621975501176
18.504535826270843
18.496817625392122
18.485499713731848
18.494926259950603
18.476129029413013
18.541802533142402
18.562310094418734
18.523127719264505
18.49262995366245
18.480618686627245
18.42669452120886
18.448900588638033
18.449047366676428
18.444016400505514
18.42063519168083
18.44167964720665
18.447074270614273
18.41529950339471
18.53067069285361
18.472795071809188
18.470241180771147
18.456511243834825
18.537596087931366
18.46277341330448
18.510041007605356
18.44152840811883
18.511503514731327
18.449000500047298
18.467855541297542
18.543836476552823
18.497693854524655
18.463522264719618
18.481638969362848
18.55145489285364
18.551526008664496
18.54094985318001
18.492992384049593
18.467547609373128
18.46359460250191
18.424846434532224
18.40298797773278
18.411672067764165
18.391555756864037
18.517534963310222
18.577075702150154
18.413826074136797
18.38769787107892
18.42127327540951
18.399839615882815
18.429124637028142
18.436214103113354
18.44080289123613
18.408939412792627
18.39475582688666
18.41489104053858
18.419115273848824
18.438172320880547
18.420894588655827
18.422786841916917
18.527412343817904
18.43690582431491
18.439941701376835
18.390933800231466
18.365562204814626
18.42397809089602
18.415581708064163
18.401871803166618
18.425036957196873
18.38496490878522
18.39288121050276
18.394954839935693
18.41262067614309
18.45667107574775
18.511487631541687
18.43321949502696
18.480022181635317
18.435576219387983
18.564611491035013
18.57175684584986
18.528483729838104
18.48885339117416
18.405030501772984
18.403699594385483
18.39365136470941
18.39991829035532
18.404529781292773
18.40368811126865
18.420785708805486
18.444294312421015
18.42418968708009
18.48806453177996
18.44677890475144
18.525908050634673
18.483251481409877
18.411275175831204
18.408812254591062
18.413361268884994
18.491333920022715
18.54210911626401
18.52479610540678
18.468831186709195
18.420001293387255
18.397177962086086
18.40110668075054
18.41441379849563
18.409273879302432
18.40026780345556
18.439869327008573
18.458200508371338
18.40034405105864
18.44581249851705
18.386733199019567
18.42175901759311
18.455977976474614
18.47562421618215
18.38630763588049
18.4465150686786
18.486085594157732
18.449985096826577
18.412315290602272
18.36484466123459
18.403606936754777
18.39715700076364
18.444772315452166
18.46559855029406
18.40620965786907
18.48684319693719
18.477778195725072
18.45751204088216
18.435051808271872
18.413152558114522
18.458528255257765
18.46548724113523
18.50125174754111
18.44861468634642
18.414438372072965
18.422404464858268
18.334360605615483
18.389968815971823
18.493339982484002
18.50160984127113
18.44026239936614
18.41204059825224
18.429228416794096
18.46833177112862
18.45505751002475
18.468766827107697
18.44210736647896
18.483956654053515
18.463978086895956
18.45669673714796
18.459444772861804
18.37317639421624
18.431226810835817
18.417924968787776
18.39460807322236
18.39909439379602
18.424617342936717
18.394794054348452
18.410799863088467
18.377283737787504
18.428897318632707
18.383373765384448
18.400388898142158
18.39852615268639
18.46720584274253
18.434447254366276
18.43537797952247
18.451105139749433
18.452144105721008
18.475320301397378
18.472980133407866
18.489077150974126
18.45424146481487
18.527556499861696
18.444179539790237
18.457457281439506
18.44660231402463
18.440450263450213
18.433409707930387
18.428121549699007
18.36144193907833
18.343760522125322
18.412491600836635
18.44897353618651
18.377934329040215
18.5184910888867
18.41478906568054
18.44155985741969
18.48257073599969
18.505556365108244
18.466037084379465
18.430663484441656
18.444540704302774
18.44486189986129
18.448839738850705
18.402001251649978
18.425661965099444
18.414458216303753
18.457808265295785
18.42916488159648
18.42528960284065
18.42137368194892
18.47288654649349
18.435284982861766
18.369138003005396
18.325730714041864
18.40330478297475
18.423737455207064
18.437205443906663
18.47789605621182
18.468458224440475
18.46079796842297
18.498096183132944
18.45947921733417
18.42565078930477
18.429741900900137
18.463522096424153
18.4233255215618
18.415042023524602
18.41044205472902
18.438420107907348
18.43996461151201
18.431490368855275
18.437674024830695
18.375396918762675
18.38589979742494
18.372196997523
18.458273643727804
18.389688889388843
18.406250936600863
18.481474498348774
18.429055852963188
18.41701475616611
18.504026539795234
18.446605918962327
18.52518149471039
18.488320233571866
18.51705614319238
18.507519912231913
18.494150517846617
18.449429307142488
18.51606600973612
18.502940775488344
18.464046246560333
18.446306855477335
18.468187617523895
18.452630628405323
18.45326378766228
18.422221805738367
18.455591572520067
18.45574912146839
18.47820972481652
18.45360748115403
18.476729634472782
18.513016315372397
18.405411015386168
18.423615448310247
18.448554931699164
18.416323186186574
18.469922138906806
18.526211626389447
18.535465840488445
18.4594959590746
18.399794120008075
18.374396365621816
18.375204874121625
18.37199522101361
18.463641542302984
18.433554576181084
18.389572626489507
18.431131345841585
18.403703087126203
18.399272947969948
18.425378289673944
18.392956070278
18.40762843744224
18.50384679291864
18.545565610041702
18.434710027006886
18.407695421477413
18.415462715851376
18.419386271015764
18.402162532367363
18.415123229746317
18.390634068442733
18.363318418907692
18.39565230757379
18.412224264705884
18.472801537769836
18.523999604422723
18.450806093337896
18.45112642546749
18.424118281020533
18.386619697141526
18.38616146029109
18.378341416263826
18.334868157916056
18.376521237366035
18.429138012859216
18.475061343454033
18.402545387482704
18.42636771824049
18.45119685590115
18.40197699515106
18.46512179118593
18.48360030425479
18.389249191869556
18.434435276119302
18.363479177665223
18.399230230189954
18.436158929029695
18.53162329398153
18.654147370087216
18.62564107646113
18.633379538650708
18.65114585944759
18.51093490044479
18.467692097129724
18.502147118453784
18.52954100586874
18.583353535293618
18.55215311416275
18.481799989100306
18.437096686009557
18.39437305469952
18.37554795052999
18.38139490337323
18.413119089268054
18.433257320043072
18.424278271472666
18.434561036736763
18.376299955655853
18.394223198561413
18.444274292577564
18.48848901441335
18.454574921551874
18.412067413330078
18.411817138457238
18.45679202652953
18.413762951141123
18.35682877494246
18.391036806813897
18.457050360072298
18.41155116088555
18.399281160300955
18.395626094944948
18.468753331762446
18.512955102164423
