0.00382 
0.004 
0.00406 
0.0038 
0.00398 
0.00426 
0.004 
0.00404 
0.00408 
0.00428 
0.00386 
0.00448 
0.00414 
0.00376 
0.00402 
0.00392 
0.00434 
0.00384 
0.00412 
0.0039 
0.00418 
0.00426 
0.00378 
0.00428 
0.00402 
0.0041 
0.00378 
0.0041 
0.00372 
0.00388 
0.00394 
0.00386 
0.00368 
0.00384 
0.00392 
0.00388 
0.00412 
0.00378 
0.00388 
0.00378 
0.00388 
0.00388 
0.0038 
0.0038 
0.00406 
0.00418 
0.00392 
0.0037 
0.00394 
0.00412 
0.00394 
0.00394 
0.0036 
0.00392 
0.00386 
0.0038 
0.0041 
0.00376 
0.00396 
0.00408 
0.00394 
0.00352 
0.0038 
0.00386 
0.004 
0.00394 
0.0038 
0.00374 
0.0035 
0.00402 
0.00362 
0.00388 
0.0038 
0.00418 
0.00376 
0.0043 
0.0038 
0.0037 
0.00384 
0.00408 
0.00386 
0.00388 
0.00376 
0.00376 
0.00408 
0.00412 
0.00402 
0.00396 
0.0041 
0.00372 
0.00382 
0.00378 
0.00406 
0.00416 
0.0039 
0.0036 
0.0038 
0.00378 
0.00374 
0.00364 
0.00378 
0.00372 
0.0036 
0.0039 
0.00398 
0.00404 
0.00372 
0.00374 
0.00374 
0.00374 
0.0039 
0.004 
0.00408 
0.00388 
0.00428 
0.00422 
0.00374 
0.00418 
0.00416 
0.00404 
0.00392 
0.0038 
0.00418 
0.0039 
0.0038 
0.0039 
0.004 
0.0037 
0.00402 
0.00378 
0.00384 
0.0038 
0.00382 
0.00404 
0.00402 
0.00394 
0.00398 
0.00404 
0.0038 
0.00384 
0.0041 
0.00396 
0.00406 
0.00372 
0.00394 
0.00392 
0.00394 
0.00372 
0.0037 
0.00388 
0.00376 
0.0039 
0.00384 
0.0038 
0.00398 
0.00368 
0.00384 
0.00402 
0.00378 
0.00394 
0.00366 
0.00382 
0.00362 
0.00372 
0.00376 
0.00398 
0.00346 
0.00372 
0.0037 
0.0039 
0.00412 
0.00386 
0.00362 
0.004 
0.00384 
0.00386 
0.00356 
0.0035 
0.00378 
0.00378 
0.00362 
0.00348 
0.00382 
0.00372 
0.00376 
0.00386 
0.00384 
0.00364 
0.00362 
0.00362 
0.00376 
0.0033 
0.0036 
0.00346 
0.00344 
0.00356 
0.00358 
0.00362 
0.00366 
0.00374 
0.00372 
0.0037 
0.00374 
0.0039 
0.00382 
0.0037 
0.00378 
0.00356 
0.0038 
0.00384 
0.00378 
0.00416 
0.00376 
0.00362 
0.00394 
0.0037 
0.00386 
0.00384 
0.0037 
0.0039 
0.00376 
0.0037 
0.00372 
0.0039 
0.00362 
0.00392 
0.00372 
0.00378 
0.0036 
0.00362 
0.00364 
0.00394 
0.0037 
0.0037 
0.0038 
0.00344 
0.00368 
0.0035 
0.00354 
0.00356 
0.00368 
0.004 
0.00382 
0.00368 
0.00344 
0.00356 
0.00372 
0.00382 
0.00402 
0.00366 
0.0035 
0.00384 
0.00342 
0.0039 
0.0037 
0.00362 
0.00376 
0.00382 
0.0038 
0.00394 
0.00382 
0.00408 
0.00374 
0.00352 
0.0038 
0.00354 
0.00374 
0.00354 
0.00376 
0.0035 
0.00364 
0.00362 
0.00388 
0.0037 
0.00368 
0.00402 
0.00392 
0.00372 
0.00362 
0.00358 
0.00382 
0.00362 
0.00372 
0.00374 
0.00378 
0.00364 
0.00388 
0.00376 
0.00378 
0.00394 
0.00374 
0.00384 
0.0039 
0.00388 
0.00372 
0.00386 
0.0037 
0.00378 
0.0036 
0.00362 
0.00396 
0.00386 
0.00356 
0.00386 
0.00364 
0.00374 
0.00376 
0.00382 
0.0039 
0.00378 
0.00354 
0.00362 
0.00372 
0.00366 
0.00376 
0.0035 
0.00396 
0.0038 
0.00386 
0.00388 
0.00372 
0.00374 
0.00396 
0.00362 
0.00368 
0.00362 
0.00376 
0.00368 
0.00354 
0.00378 
0.00368 
0.00394 
0.0039 
0.00386 
0.0037 
0.00396 
0.00386 
0.00382 
0.00382 
0.00358 
0.0038 
0.00368 
0.00398 
0.00398 
0.00382 
0.00386 
0.00408 
0.00392 
0.00366 
0.00372 
0.00366 
0.00374 
0.00372 
0.00382 
0.00386 
0.00388 
0.0037 
0.00386 
0.00384 
0.00386 
0.00396 
0.00382 
0.0038 
0.00394 
0.0037 
0.00372 
0.0039 
0.00392 
0.004 
0.00386 
0.00358 
0.0037 
0.00378 
0.00346 
0.00346 
0.00366 
0.00374 
0.00388 
0.00372 
0.0038 
0.00378 
0.00392 
0.00376 
0.00398 
0.00372 
0.00384 
0.004 
0.00388 
0.00396 
0.0038 
0.00376 
0.00382 
0.00376 
0.00374 
0.00404 
0.00372 
0.00374 
0.00384 
0.00372 
0.00376 
0.00388 
0.00394 
0.0038 
0.00374 
0.00382 
0.00414 
0.00384 
0.0039 
0.0039 
0.00394 
0.0039 
0.00392 
0.00416 
0.00396 
0.00402 
0.00396 
0.00388 
0.004 
0.004 
0.00376 
0.00408 
0.00414 
0.00384 
0.00388 
0.00398 
0.00406 
0.0038 
0.0038 
0.00392 
0.0039 
0.00392 
0.00414 
0.00396 
0.00378 
0.00382 
0.00408 
0.00414 
0.00404 
0.00406 
0.00408 
0.00392 
0.00382 
0.00372 
0.00394 
0.0039 
0.00388 
0.00398 
0.00394 
0.00386 
0.00402 
0.0038 
0.00386 
0.00398 
0.00386 
0.00404 
0.00402 
0.00418 
0.00398 
0.0037 
0.00386 
0.00386 
0.00372 
0.00388 
0.0039 
0.0041 
0.0039 
0.00386 
0.00398 
0.00382 
0.00404 
0.00378 
0.00386 
0.00382 
0.00372 
0.0038 
0.00378 
0.00382 
0.00392 
0.0037 
0.00404 
0.00394 
0.00404 
0.0039 
0.00384 
0.00394 
0.00392 
0.004 
0.00388 
0.0037 
0.00396 
0.00404 
0.00396 
0.004 
0.00392 
0.0038 
0.00382 
0.0039 
0.00388 
0.00388 
0.00402 
0.00396 
0.00368 
0.0041 
0.00394 
0.00384 
0.00384 
0.00402 
0.00382 
0.00416 
0.00368 
0.00388 
0.00376 
0.00392 
0.00386 
0.00396 
0.00386 
0.0038 
0.0038 
0.00382 
0.00396 
0.00406 
0.0041 
0.00396 
0.0039 
0.00406 
0.00396 
0.00378 
0.00388 
0.00404 
0.00388 
0.00406 
0.00418 
0.00404 
0.00396 
0.0039 
0.00388 
0.00374 
0.00404 
0.0039 
0.00438 
0.00418 
0.00414 
0.00372 
0.00374 
0.00386 
0.00412 
0.0038 
0.00394 
0.00382 
0.00386 
0.00382 
0.00404 
0.00398 
0.00374 
0.00398 
0.00386 
0.00412 
0.00372 
0.00384 
0.00396 
0.004 
0.00366 
0.00394 
0.00402 
0.00388 
0.00384 
0.00384 
0.00412 
0.004 
0.00392 
0.00392 
0.0039 
0.0038 
0.00408 
0.00394 
0.00402 
0.00392 
0.00392 
0.00418 
0.00406 
0.00404 
0.00386 
0.00412 
0.0041 
0.00426 
0.00362 
0.00402 
0.00386 
0.00372 
0.00426 
0.00396 
0.00406 
0.00394 
0.0039 
0.00402 
0.004 
0.00384 
0.00408 
0.00388 
0.00392 
0.00392 
0.00372 
0.00364 
0.00392 
0.00386 
0.00404 
0.00394 
0.00394 
0.00412 
0.00394 
0.00382 
0.00374 
0.00386 
0.00406 
0.00392 
0.00402 
0.00404 
0.00404 
0.00402 
0.00406 
0.00402 
0.004 
0.00376 
0.00412 
0.00394 
0.0039 
0.00384 
0.00374 
0.00378 
0.00392 
0.00402 
0.00406 
0.0038 
0.00408 
0.004 
0.0038 
0.00422 
0.00402 
0.00408 
0.00382 
0.00382 
0.0038 
0.00388 
0.0039 
0.0039 
0.00386 
0.0039 
0.00368 
0.0039 
0.00382 
0.00384 
0.00384 
0.00382 
0.00388 
0.00392 
0.00384 
0.00384 
0.00396 
0.0038 
0.00394 
0.0039 
0.00376 
0.00402 
0.00394 
0.00386 
0.0039 
0.00368 
0.00382 
0.00394 
0.00382 
0.00362 
0.00374 
0.00384 
0.00374 
0.0038 
0.0039 
0.00372 
0.00388 
0.00382 
0.00374 
0.00344 
0.00382 
0.00376 
0.00384 
0.0039 
0.00396 
0.00392 
0.00366 
0.00398 
0.0041 
0.00384 
0.0039 
0.0039 
0.00382 
0.00338 
0.00354 
0.00372 
0.00372 
0.00344 
0.00362 
0.0035 
0.00378 
0.00372 
0.00362 
0.00368 
0.00388 
0.00368 
0.00364 
0.0038 
0.00382 
0.00368 
0.00372 
0.00364 
0.00396 
0.004 
0.00414 
0.00368 
0.00406 
0.00392 
0.00378 
0.00376 
0.00384 
0.00378 
0.00376 
0.00384 
0.00398 
0.0039 
0.00404 
0.00382 
0.00388 
0.00398 
0.00396 
0.00388 
0.00378 
0.00388 
0.00376 
0.00378 
0.00376 
0.00394 
0.00376 
0.00362 
0.00368 
0.0036 
0.00348 
0.00374 
0.00376 
0.0036 
0.00382 
0.00374 
0.00364 
0.0035 
0.00392 
0.00362 
0.00364 
0.00368 
0.00364 
0.00356 
0.00386 
0.0037 
0.00388 
0.00392 
0.00388 
0.00376 
0.00352 
0.00418 
0.00382 
0.00378 
0.0038 
0.00368 
0.00384 
0.0039 
0.00386 
0.0037 
0.00366 
0.00386 
0.00386 
0.00382 
0.00376 
0.00362 
0.00386 
0.00374 
0.0038 
0.00364 
0.00364 
0.00358 
0.00384 
0.00366 
0.0038 
0.00376 
0.0038 
0.00394 
0.00378 
0.00366 
0.00372 
0.00376 
0.00406 
0.00382 
0.0037 
0.0035 
0.00374 
0.0039 
0.00374 
0.00362 
0.00374 
0.00378 
0.00394 
0.00378 
0.00386 
0.0039 
0.00374 
0.00384 
0.00404 
0.00386 
0.00404 
0.00372 
0.00394 
0.00366 
0.0037 
0.00376 
0.0036 
0.0038 
0.00352 
0.00376 
0.00384 
0.00358 
0.00384 
0.00356 
0.00368 
0.00366 
0.004 
0.00372 
0.0036 
0.0036 
0.00368 
0.00382 
0.004 
0.00386 
0.00382 
0.00374 
0.00384 
0.00394 
0.00392 
0.00356 
0.0038 
0.00384 
0.00364 
0.00378 
0.00364 
0.00396 
0.00404 
0.00404 
0.00362 
0.00386 
0.0039 
0.0036 
0.00384 
0.0039 
0.0038 
0.00394 
0.00382 
0.00374 
0.0036 
0.0038 
0.0037 
0.00376 
0.00362 
0.00344 
0.00364 
0.00386 
0.0038 
0.00384 
0.00394 
0.00388 
0.00388 
0.00364 
0.00384 
0.00386 
0.00392 
0.00376 
0.0038 
0.0039 
0.00366 
0.00382 
0.00384 
0.00382 
0.00398 
0.00386 
0.00392 
0.00406 
0.00382 
0.00426 
0.00394 
0.00364 
0.0037 
0.00348 
0.0037 
0.0041 
0.00376 
0.00376 
0.00386 
0.00368 
0.0034 
0.0037 
0.00372 
0.00398 
0.00382 
0.00374 
0.00392 
0.00382 
0.00364 
0.00366 
0.00382 
0.00406 
0.00378 
0.00374 
0.00342 
0.00368 
0.00358 
0.00386 
0.0037 
0.00396 
0.00388 
0.00414 
0.004 
0.00398 
0.0039 
0.00352 
0.00376 
0.00368 
0.00364 
0.00378 
0.00376 
0.00394 
0.00378 
0.00362 
0.00382 
0.00364 
0.00384 
0.00356 
0.00374 
0.0038 
0.00384 
0.00372 
0.0039 
0.004 
0.00388 
0.0039 
0.00394 
0.00404 
0.0038 
0.00352 
0.0038 
0.00376 
0.00376 
0.00402 
0.00388 
0.0036 
0.00396 
0.00384 
0.00398 
0.00382 
0.00382 
0.00378 
0.0036 
0.0039 
0.00382 
0.00392 
0.00366 
0.00406 
0.00416 
0.00416 
0.00408 
0.0037 
0.0037 
0.00366 
0.00358 
0.00368 
0.00368 
0.0038 
0.00376 
0.00414 
0.0037 
0.00368 
0.00392 
0.00398 
0.00368 
0.00386 
0.00366 
0.00376 
0.00382 
0.00368 
0.00376 
0.00386 
0.00352 
0.00382 
0.00374 
0.00394 
0.00386 
0.00386 
0.00372 
0.00398 
0.00382 
0.00376 
0.00406 
0.00362 
0.0036 
0.00372 
0.00386 
0.00364 
0.00378 
0.00388 
0.00364 
0.00372 
0.0039 
0.00396 
0.00374 
0.00386 
0.0036 
0.00376 
0.00368 
0.0039 
0.00398 
0.0039 
0.0039 
0.00372 
0.00384 
0.00392 
0.00386 
0.00382 
0.0037 
0.00396 
0.00408 
0.00366 
0.00364 
0.00362 
0.0035 
0.00354 
0.0036 
0.00372 
0.00366 
0.00386 
0.00376 
0.00384 
0.00392 
0.00378 
0.00372 
0.0037 
0.00374 
0.00364 
0.00388 
0.00392 
0.00376 
0.00388 
0.00386 
0.00396 
0.0037 
0.0038 
0.00372 
0.00394 
0.00358 
0.0038 
0.00372 
0.00374 
0.00386 
0.00408 
0.00364 
0.00396 
0.00372 
0.0039 
0.004 
0.00386 
0.0039 
0.00378 
0.00374 
0.00384 
0.00382 
0.0039 
0.00368 
0.00392 
0.00372 
0.00386 
0.00374 
0.0039 
0.00378 
0.00384 
0.00392 
0.00356 
0.00362 
0.00374 
0.00408 
0.00374 
0.00386 
0.00352 
0.00364 
0.0037 
0.00378 
0.00362 
0.00362 
0.0037 
0.0035 
0.00378 
0.0039 
0.00382 
0.0038 
0.0038 
0.00374 
0.00402 
0.00394 
0.00398 
0.00374 
0.00406 
0.00382 
0.00382 
0.00396 
0.00376 
0.00386 
0.00382 
0.00372 
0.00388 
0.00378 
0.00412 
0.00368 
0.0039 
0.00384 
0.00414 
0.00404 
0.00384 
0.0041 
0.00404 
0.0037 
0.00408 
0.00378 
0.0042 
0.00378 
0.00386 
0.0041 
0.00388 
0.0038 
0.0036 
0.00386 
0.00396 
0.00392 
0.004 
0.00372 
0.00396 
0.00406 
0.00384 
0.0038 
0.00376 
0.0039 
0.00372 
0.00398 
0.00388 
0.00382 
0.00362 
0.00376 
0.00386 
0.00372 
0.00374 
0.00388 
0.0037 
0.0037 
0.0038 
0.00396 
0.00374 
0.00374 
0.0038 
0.00374 
0.00374 
0.004 
0.00378 
0.0038 
0.00408 
0.00374 
0.00398 
0.00392 
0.00368 
0.00386 
0.00376 
0.00366 
0.00366 
0.0037 
0.00398 
0.00404 
0.00368 
0.0038 
0.00396 
0.00374 
0.00378 
0.00382 
0.00368 
0.00388 
0.00368 
0.00398 
0.00376 
0.00372 
0.00386 
0.0039 
0.00372 
0.00358 
0.00384 
0.00406 
0.004 
0.00394 
0.00356 
0.00418 
0.00406 
0.00422 
0.00394 
0.00372 
0.00398 
0.00388 
0.00374 
0.00388 
0.00382 
0.00386 
0.0037 
0.0038 
0.00372 
0.00374 
0.00416 
0.004 
0.0041 
0.00366 
0.00384 
0.00388 
0.0039 
0.00388 
0.00394 
0.00392 
0.00388 
0.00382 
0.00412 
0.00392 
0.00398 
0.00396 
0.0039 
0.00406 
0.0039 
0.00406 
0.004 
0.00406 
0.00406 
0.00396 
0.00382 
0.00392 
0.0036 
0.00376 
0.00412 
0.00398 
0.00388 
0.00394 
0.00408 
0.00412 
0.00398 
0.00402 
0.00392 
0.00376 
0.00398 
0.004 
0.00396 
0.00384 
0.00378 
0.00372 
0.00384 
0.00408 
0.00378 
0.00368 
0.0038 
0.00408 
0.00414 
0.00414 
0.00384 
0.00394 
0.00402 
0.00382 
0.00406 
0.00414 
0.00386 
0.00382 
0.00384 
0.00386 
0.00368 
0.00392 
0.00412 
0.00364 
0.00386 
0.00372 
0.0038 
0.00394 
0.00362 
0.0038 
0.00396 
0.00378 
0.00378 
0.0041 
0.00398 
0.00386 
0.00396 
0.00372 
0.00382 
0.0038 
0.0038 
0.00402 
0.00404 
0.00388 
0.00366 
0.00368 
0.00372 
0.00398 
0.0036 
0.00372 
0.00366 
0.00368 
0.00408 
0.004 
0.00376 
0.00388 
0.00382 
0.00396 
0.00408 
0.00404 
0.0038 
0.00366 
0.00364 
0.00374 
0.00402 
0.00386 
0.00402 
0.0041 
0.00372 
0.00414 
0.00404 
0.00388 
0.0039 
0.0038 
0.00396 
0.00398 
0.0036 
0.0039 
0.0039 
0.00386 
0.00374 
0.0041 
0.00392 
0.00388 
0.00382 
0.00388 
0.0038 
0.00396 
0.00374 
0.00404 
0.0041 
0.00414 
0.00386 
0.00392 
0.0038 
0.00388 
0.00378 
0.00388 
0.0037 
0.0038 
0.00386 
0.00396 
0.00406 
0.00398 
0.00408 
0.00406 
0.0038 
0.00364 
0.00406 
0.00386 
0.00382 
0.00368 
0.00386 
0.00388 
0.0037 
0.00398 
0.0041 
0.0041 
0.00404 
0.00428 
0.00432 
0.00426 
0.0039 
0.0042 
0.00406 
0.00372 
0.00392 
0.00384 
0.00382 
0.00402 
0.00368 
0.0036 
0.00394 
