17.94334120884576
17.67569058264613
17.588207032674415
17.525268013215126
17.462909210673377
17.399825554674543
17.371469656219872
17.321665328481924
17.29832371177576
17.258606722897582
17.23930764869046
17.21652797786781
17.196871984340344
17.16408154299802
17.153454934239694
17.144934546916993
17.11581800294959
17.103229243432164
17.086692436881687
17.072852743251243
17.050270201300112
17.057574039225077
17.04093327485692
17.04574037146995
17.01801247608936
17.011935387730905
17.000650913209256
16.99015156753228
16.985389560689708
16.965971311339942
16.976893224984483
16.961219581496685
16.970774611548695
16.955447759164873
16.93452281903123
16.932761878918505
16.917737948620108
16.926580213219918
16.910073734000516
16.92198484450045
16.904971870315045
16.905689266331667
16.902563497538456
16.89350312932983
16.882475501740984
16.87874111434078
16.88858771750994
16.878594388742275
16.85488993066656
16.848861641896047
16.87219742801793
16.858523371274515
16.85860001522562
16.862324362215787
16.84841087955953
16.856742224729885
16.853880400547897
16.85993977763769
16.83789137501241
16.841243014616126
16.844464397186513
16.829982278292135
16.82910019052608
16.820661533824012
16.823338898856317
16.82845559571405
16.827301643693538
16.81028415357975
16.824521437935207
16.81809529867928
16.80741166824575
16.81097319059055
16.817082222160476
16.789045996068385
16.782021188370102
16.799602925624995
16.798587234428776
16.78253652128722
16.771931667766914
16.785459955025207
16.796356801181805
16.78118253424954
16.784300374862788
16.78679679665724
16.78497953000276
16.78373035079683
16.77790118483326
16.76838620666348
16.765631850113344
16.76699703489728
16.754447112607835
16.76971739210436
16.752446909999602
16.76262851383375
16.757648332649485
16.76757872500993
16.752234343067766
16.764085215985624
16.760912959837853
16.75563204684831
16.770637681722032
16.754530715210663
16.745049429061773
16.75052385622888
16.75535226538968
16.761555399736174
16.730762239002512
16.75342495057284
16.75168122781817
16.738669138125445
16.726771205892344
16.757661279205166
16.73341659389798
16.744220125095925
16.73504500011044
16.731888382026302
16.73783609019521
16.729060304744163
16.735636485507115
16.72639932169024
16.734563914101447
16.72970055192328
16.724156826048556
16.73096336184255
16.729675773464507
16.72855885986172
16.727867348419736
16.709746593709493
16.726241397125946
16.717992094776516
16.714326575589
16.711374402351087
16.709436251989107
16.715592192871796
16.7201006955198
16.725286395958317
16.714875202959455
16.71157072633124
16.713557900675116
16.72100335313841
16.698849948775738
16.700686797461547
16.730099545110523
16.708915583617852
16.706395101669195
16.699288968235027
16.7026416761491
16.693312282757383
16.704922922431965
16.692719048551282
16.7063170906223
16.708013718695288
16.711407835831118
16.708596953955453
16.693210879860022
16.698403098699078
16.700169834029644
16.69696646151335
16.693684019396066
16.69667364447318
16.700975271746934
16.710866747609796
16.709369317954764
16.692710193526715
16.689380306721954
16.68714641122257
16.691345303869614
16.7094499034345
16.68713104999279
16.697185660262242
16.675352314853914
16.687818161361967
16.68507744650097
16.67883603469185
16.698015188622048
16.705418848930417
16.691124809977342
16.680012566354268
16.690105510184832
16.68320241425653
16.6785726425288
16.681326039306953
16.67671648376738
16.68339760163251
16.68402872183134
16.6827434542234
16.680971579783407
16.675209208827493
16.675918486417103
16.689941403810934
16.67892377638756
16.67516915694527
16.666131037885272
16.667431550867416
16.67298008901689
16.683179451681465
16.667414395705514
16.668622283984327
16.676799385139095
16.66795541441349
16.675268289073347
16.676835756472613
16.667669660904828
16.679219116640212
16.671386873630613
16.663087166788632
16.664997078878496
16.66834487695523
16.662693770035453
16.66021954129114
16.669351258241306
16.66727069698636
16.65868240488155
16.664493869332706
16.65851739849276
16.674647603193513
16.673132390317406
16.666040594925356
16.667154136521127
16.660648087406404
16.67895536593464
16.667935577499897
16.665992057536872
16.67178873637753
16.67580876996755
16.671194199710857
16.640194225799092
16.657240072479638
16.641311727216483
16.666797946481143
16.67172313407254
16.651429082426574
16.665165178001384
16.652781284068855
16.651520155884725
16.655801319405246
16.65654466950985
16.65249113780458
16.65968935446971
16.649243945051033
16.649568896769257
16.65785767904023
16.653047518961873
16.652945646544552
16.641332586098205
16.659563890198612
16.649590455662565
16.654849173162905
16.66309762305921
16.660296396221348
16.654526886122916
16.651820352315294
16.64608065612481
16.641143937854817
16.650084783354075
16.654640817276352
16.653290683960975
16.638324159490484
16.64388054045265
16.657977018819746
16.64538627268408
16.64838321007731
16.64591884003271
16.636663999094072
16.642035184309
16.644839559979452
16.64703628657114
16.650244273797934
16.640049829507422
16.631344886691977
16.634693037213573
16.640414846522727
16.6480690853675
16.64369854353883
16.65418103040027
16.6192103261533
16.631540433830008
16.640121141662988
16.63606249767801
16.647707124500325
16.64453116219367
16.653867758143587
16.635964437518886
16.648053209495057
16.651397089214274
16.639794964314728
16.640872230920035
16.644419800594946
16.625498850937085
16.642404953841968
16.63124466064336
16.6355596978951
16.646258043206256
16.611020202831845
16.640718839357575
16.634340836263984
16.620915048262653
16.63277957018684
16.62723616992726
16.641080538025292
16.646028455261074
16.642594376488415
16.63461608106218
16.629404958251797
16.63102818389073
16.64207666182457
16.639889098799138
16.641895672244488
16.64880258652865
16.62948073877398
16.639945975349992
16.63701519758805
16.636711931594498
16.635717972465184
16.634140537827825
16.628928186948343
16.623338212747402
16.63322464828296
16.63254510411216
16.622324811832986
16.615029889909202
16.624230027503675
16.625722829033347
16.634805187849743
16.639073237738646
16.629087995690153
16.618656863336977
16.62810589407411
16.62930117360771
16.638560858528937
16.62609181196793
16.623813362072802
16.62870537472503
16.62121713009027
16.619146089724566
16.62635128211487
16.6247356907486
16.615790273222473
16.614172834264654
16.630248136837466
16.627042832581893
16.62444432373242
16.619546136587783
16.620917438546105
16.617204321010032
16.62628666885064
16.619272283276025
16.626936913756154
16.617317582640197
16.618133787608816
16.621295280163856
16.60608811878487
16.62019728638632
16.618679688104887
16.634069941537764
16.619123238126946
16.615903076308463
16.61847263955704
16.626608625397353
16.6175451486007
16.619226126414734
16.62145253154628
16.631913398537794
16.622622477733877
16.6178727588995
16.630450374330096
16.614720559181155
16.603140476109733
16.619813282471483
16.61640344800242
16.63012216646043
16.62925562651261
16.61769045344399
16.615263387675174
16.612703989228933
16.623122842110636
16.622789492692483
16.613828257831464
16.613084726016538
16.607835411110802
16.624967144578314
16.61330505039381
16.614754556085142
16.609168640487944
16.610370551838596
16.616609479460266
16.628184950260252
16.60672085608363
16.613733506263674
16.61694270082752
16.611029874943103
16.612581323784635
16.61951396532376
16.616850271249366
16.621330694164463
16.620114620384353
16.62738243576206
16.60599294525888
16.604731023159175
16.60624606652028
16.60790793792061
16.616914706461873
16.608181213174024
16.600375175476074
16.608782126775484
16.607928976073595
16.607247253817974
16.612748949728964
16.5987896675344
16.601661662616387
16.603452245902528
16.615161455500765
16.623075296201975
16.601056612361116
16.60658498310372
16.603580421194092
16.613363467214054
16.594782329276395
16.60496603802342
16.61317107134768
16.59876747936239
16.602396102817465
16.60379025637341
16.59817350611967
16.61584643634689
16.596151240951265
16.604592092811604
16.61171802779293
16.61944190071672
16.60112401469589
16.60113184897186
16.6130959201042
16.610942734476854
16.61074874468167
16.607549962485233
16.61474624741108
16.592461339652996
16.60961941867838
16.6126416174652
16.592887224748615
16.613618603142935
16.615803085629594
16.603674812999834
16.60866988711345
16.607118744374542
16.599851541202085
16.614922666183823
16.62005041932206
16.613700726452997
16.593027913661867
16.587312989832494
16.593895625580302
16.593768477134997
16.5918964034761
16.613346494982004
16.611234681990446
16.609488483585054
16.59715660514734
16.59907195269299
16.599788499915082
16.601732750377998
16.612924866054367
16.602434192472103
16.58608604636034
16.60440001158458
16.586634861538784
16.602392268607684
16.59615669957817
16.604155881935373
16.59135331888028
16.61189489657312
16.61083148507511
16.605505199383593
16.602746463492704
16.594357219803364
16.59963918159075
16.60628200613934
16.60394292231411
16.600405723542508
16.605440214161984
16.60057006894475
16.593883800994405
16.59239166654894
16.5963316146675
16.611942809561025
16.598053260227605
16.602742337814682
16.604311302799704
16.59155508075529
16.5781124595486
16.572722003283097
16.596036584176066
16.585251699628124
16.60038361951823
16.598187450252837
16.604761648056147
16.589934922240275
16.591255255062563
16.581849845778912
16.59719124596442
16.60556528818272
16.583602535755126
16.59822361426585
16.609866992287014
16.615827765306243
16.590523430758424
16.603420652696848
16.599566296238425
16.59637886301026
16.596798913863005
16.58613862771817
16.5961125964094
16.59102037068828
16.601838896036757
16.593622814968725
16.587308403171235
16.578543187407277
16.581364823119415
16.5931715099403
16.590538360273747
16.59066831242398
16.593713987208996
16.599937142618476
16.578591760162197
16.596023587619555
16.592404002118904
16.58091295222797
16.581335561659635
16.60188008818175
16.574391797985264
16.59494377463065
16.57664668041727
16.589022970565445
16.590011745462636
16.580938897779227
16.58355274712643
16.581891295245235
16.580208016173614
16.595642108136737
16.586857688396485
16.59737228920393
16.58987075044676
16.591294958158528
16.592124626764555
16.57965511068359
16.575871890768067
16.584002071634277
16.578301116328714
16.59139327441945
16.591245582951306
16.59259083691765
16.576858392456913
16.57672928300355
16.585730000225176
16.583989062882445
16.578995436353757
16.568425643169668
16.57559056904005
16.58115193057243
16.589788918604935
16.606873484218823
16.5762631008997
16.58838171117446
16.566618419364286
16.56557763385041
16.591099737855174
16.580512551700366
16.584735208155248
16.586722075176972
16.57791478554611
16.585068245373115
16.593004579129428
16.580485552473142
16.58015090425301
16.59410826934268
16.592527968804244
16.5885665678917
16.583802896387436
16.57843225630348
16.58352239052658
16.57772835685164
16.573726904056873
16.588651492467623
16.58038709718553
16.58996580079998
16.57674799672783
16.590811824554677
16.591673883940558
16.583743952729208
16.59443734917799
16.591847056318123
16.589330621997412
16.591050271183025
16.56898842077426
16.582490002712632
16.58321700498576
16.570168280540525
16.575802594499514
16.585944211086655
16.5846547653608
16.579035050423858
16.581644924095524
16.59365560941379
16.582625857399552
16.56898580609685
16.580713461122244
16.57904545425454
16.582368793389985
16.575160935101913
16.579895092703193
16.563020692761903
16.578964494378365
16.583855176520775
16.57760035229461
16.57637136244713
16.58308739430459
16.578962716300165
16.599391183584853
16.58886544112964
16.57875268965426
16.58194220096559
16.578146810116976
16.57874996156034
16.57516619006691
16.576973821196106
16.601369560222185
16.57810384477191
16.580604153216036
16.57513134924652
16.572777490786578
16.58935954320766
16.57886865742676
16.577694822150423
16.57877385951674
16.582107291502112
16.577844250232666
16.58067378973412
16.586566732362712
16.570318465952372
16.570570385974385
16.57277759444683
16.573965965329535
16.576852396016232
16.591284975066515
16.579702089509695
16.57133074611654
16.579553659004933
16.57391647182767
16.58086248431974
16.575022114512254
16.57882873481497
16.57237391337714
16.58505721348326
16.575991658603442
16.57382277515538
16.56608666422422
16.570055667701585
16.5704197432379
16.574333939710847
16.57420294242137
16.57180057340266
16.576711993693085
16.580723828366956
16.56168588165127
16.569445078330272
16.567869293720214
16.569334511866654
16.573361291909766
16.57298205880558
16.56973425628584
16.566501512551856
16.567905839446865
16.579776810258245
16.5736154729448
16.56966001359398
16.56190035959034
16.5824437312153
16.573952696817305
16.573401065738608
16.574820950208114
16.570288892292307
16.55977284755853
16.575806211632536
16.563229958419605
16.594817235951535
16.57638204311166
16.576624223948134
16.57525682571294
16.56962116539021
16.566986942535166
16.580205601499515
16.572088069623085
16.57436556706343
16.57645557115755
16.55259639100955
16.569325619036583
16.57751937900358
16.55319722656094
16.56983805922291
16.561259484352053
16.562714392571802
16.570135617804954
16.557963318836965
16.574526342894416
16.566964923878157
16.5651474547813
16.560092706509565
16.557065136902168
16.580378490945566
16.57130547496669
16.574297443985024
16.57869307159463
16.574768504218373
16.563551567399593
16.549687720930486
16.563145199700084
16.56210655812412
16.577512865481168
16.569574069488993
16.56706050960609
16.561579950630207
16.567899716174814
16.565078873158722
16.574122908170267
16.564458206791404
16.574752938107153
16.574110716505125
16.565011735462473
16.54792629300481
16.576752915101892
16.568137259129674
16.55843823035355
16.56520994362014
16.57029077646982
16.560698671414116
16.56963500952172
16.555231145580713
16.567677639329524
16.567067586552458
16.578718267133475
16.55701732025732
16.573493657514568
16.56855739900828
16.563736743634315
16.567229881920778
16.579896773218803
16.57265045331872
16.563776507706898
16.559906903435202
16.56961284817942
16.561420956536022
16.568725088368293
16.565794242312535
16.559108824376256
16.56369215509166
16.55668245739949
16.57599017321301
16.57225602728022
16.572205275220945
16.561549384270787
16.566714741689776
16.559671071484267
16.557865553804675
16.56598121369891
16.572182815093214
16.55866151941402
16.560564337484063
16.568378735076436
16.572911411295156
16.569053362092703
16.553448444132304
16.572953520528497
16.568299456935403
16.557167045905462
16.562750338288524
16.55705241961857
16.569417982759987
16.56410080453624
16.547341939433455
16.569149768565925
16.568289039689866
16.563282332456936
16.57214297419009
16.571934558546452
16.552599088615164
16.55325571899219
16.550458250753106
16.560638555785275
16.553586122020125
16.557238319035992
16.570552328358527
16.55494707746579
16.549461874510627
16.570502739733136
16.562883775862282
16.56488923831364
16.56096726854134
16.575133370011663
16.567047761834186
16.563938704293097
16.55736674920982
16.563133820243504
16.561974687649467
16.574489931316325
16.563075918065923
16.563731730136723
16.56845963153693
16.55969675483606
16.558476367569945
16.54290318428098
16.561307136360032
16.54685363989047
16.540585597152905
16.549080940158774
16.553801631683584
16.567911920035282
16.569677158999625
16.55809656982227
16.55954625966299
16.568407106277583
16.54931309278054
16.56892655755553
16.558996853011344
16.57254411863244
16.563336851651712
16.559149222605672
16.555370913747023
16.557036907166776
16.561826896179667
16.553844034824223
16.550769731516727
16.54726037223016
16.548575773263526
16.56578620071606
16.575274861377217
16.55977141460799
16.546606141892845
16.557638087845824
16.565755248984413
16.55491149882831
16.554022029232797
16.566100665675403
16.54573573724693
16.559207956504334
16.56853093149717
16.571519582167916
16.556640412801368
16.55210649997682
16.550519646890937
16.56904268508677
16.55852326224832
16.551209570501772
16.56091645184685
16.547030357448648
16.553257550729814
16.549554679704748
16.553575254767143
16.564877125918102
16.564520009033515
16.547400185519166
16.545551782983647
16.565209375318055
16.561311664483735
16.557611297158633
16.562629737512534
16.55902168512954
16.567463863841102
16.55662319422378
16.558566971508135
16.546786960738395
16.55226140741802
16.566374894603133
16.553150681888354
16.56397168288755
16.5595379802577
16.55309619927955
16.564688343526154
16.560120493554702
16.557215732076894
16.556501700750093
16.56570569938406
16.548513051494
16.553242093156975
16.559152486074307
16.556308440235266
16.555034943553796
16.547893325386145
16.547567159013674
16.54123666280371
16.54954606614759
16.559646263756715
16.57427627778114
16.544274276479737
16.559852652537547
16.55715342128978
16.552913625526916
16.549942011723434
16.542059645933264
16.55807982930137
16.56611965013587
16.565002931658263
16.56185775034873
16.576412647276584
16.54228118496478
16.5403795522802
16.554825740092245
16.56988884908769
16.552283757787837
16.545025643790165
16.553996039778376
16.572961743835293
16.555314917698542
16.55614291188662
16.552061176056142
16.55875903444217
16.552109521978043
16.552526787418845
16.569181931293222
16.557758756915625
16.54588446531759
16.55158678893848
16.566314035059545
16.546919633665354
16.551997683542158
16.555492804788262
16.552792033271107
16.554502595720997
16.542920539446193
16.562613559196063
16.558221285300487
16.57296479754436
16.54170721205299
16.560165333321027
16.56784026031299
16.557693039974595
16.554679997436835
16.554942516414712
16.539115091114095
16.5554625872151
16.558224525598003
16.547832101202378
16.55542079506018
16.544372613472706
16.56049610952587
16.544543685815523
16.559267122117454
16.549042328544285
16.54749645906336
16.55208231908891
16.55671224813632
16.544345502048504
16.547791131012275
16.55044119803192
16.544127752104075
16.544402602993316
16.553191030116945
16.54670189713578
16.554432840908277
16.554271323601608
16.554617314692347
16.543007845768845
16.564206751411223
16.55262121703009
16.541789107310496
16.53754069921001
16.55036052840445
16.559340476989746
16.568908476768552
16.5511325887402
16.545924279391002
16.546827982148855
16.556818898681485
16.559317349777807
16.548874789186755
16.552164774111773
16.55266211526778
16.553445912383097
16.540837909864344
16.53878533687738
16.548958678379694
16.556488913953153
16.55289573010886
16.566403049947052
16.560271003362164
16.55609344033634
16.55966433234837
16.554373271629938
16.54860606400863
16.552945469956263
16.53738150755158
16.54753692558659
16.554959256935607
16.532665180733137
16.5554005142368
16.554225693578307
16.55681031073451
16.55063136825171
16.55347820072223
16.548934876766353
16.54672362676362
16.53941175212031
16.548339357156582
16.545139894461084
16.537560625149467
16.54566680561856
16.538092515657624
16.55454123904333
16.563555067457507
16.553421232706444
16.55102753822151
16.549915905193906
16.557927759712005
16.539033555618637
16.565567154408722
16.55508672245933
16.559550597539644
16.543566531842323
16.544412262909248
16.53396124851978
16.552135332161203
16.54248381880543
16.550010965303386
16.5328772098512
16.54367318360702
16.548435528260057
16.53902455181112
16.546472079918512
16.541367383259338
16.546550104380263
16.544847696943357
16.53269648734871
16.549382247583335
16.55223085691252
16.552400093859113
16.546673145440533
16.55268448758918
16.540299248512444
16.535477562633623
16.54879678301799
16.534426017185613
16.539437272054766
16.550582201584525
16.546544268917856
16.540410484499333
16.558791652055042
16.546697400719918
16.547921190481357
16.53186880779998
16.54836415756694
16.534881011299465
16.532893257677706
16.54321214183212
16.55144180727127
16.53832145115299
16.538195544191638
16.553456457679534
16.55649545308574
16.553799593844985
16.536716648989625
16.531702900176768
16.54542122106723
16.538939504062427
16.538997962346773
16.54090239141908
16.53801183383483
16.540437203234113
16.534854316955332
16.550333329173913
16.553695344559067
16.551618885811028
16.546728431721174
16.531627807470844
16.546465432247544
16.537634211732907
16.531478567196586
16.528414267713153
16.54631805419922
16.545677119203845
16.545734746986643
16.536407542655535
16.552144081086453
16.547212677538546
16.534802860006348
16.539523499091263
16.527204194032322
16.532128651123827
16.548331030189534
16.53581042667789
16.536012384897607
16.55211662087599
16.54168969225091
16.541972585956152
16.539891649085238
16.549650059331714
16.535881805907735
16.53419196941054
16.528238497731632
16.545025871842718
16.532967847936295
16.54465402056799
16.544756238112974
16.53965362807369
16.54081284969359
16.53352114367668
16.536612166773022
16.54843495873844
16.551431410757782
16.551839629707434
16.547313457254862
16.52325243718179
16.547659627616863
16.555845072812133
16.548461803085054
16.5413514171415
16.53975889566914
16.536588276133816
16.54786393221687
16.542624544304655
16.537748218497352
16.53745822711369
16.53190986335735
16.53501577816351
16.53604330614095
16.533283453158404
16.544536919849914
16.54346732166417
16.52813937901841
16.548738730837925
16.54767541202438
16.552065374906107
16.535752523280774
16.530094038190136
16.53340884303803
16.538572144325432
16.53599626511869
16.5546050474162
16.554623052592166
16.54274237308356
16.549398362484126
16.55028511496151
16.536672992169706
16.535855429861552
16.528255950459435
16.532532679760244
16.543487458582728
16.534511891777253
16.541152465069082
16.536409262196184
16.546929317971934
16.53084735675236
16.53886887850359
16.541006621192484
16.540564513877225
16.544077208584838
16.55749049272074
16.541478211922414
16.54283568072502
16.535755273326277
16.546130112065075
16.53100130686065
16.52995878473267
16.527188160840204
16.54289746101555
16.539461472455194
16.55120687777429
16.539396888459734
16.539819199105967
16.53640242427816
16.545691697493844
16.54055829548165
16.54743435437722
16.541824874975493
16.549763375840833
16.53922989179411
16.528903684347792
16.529165938687143
16.55515767241378
16.54667661501014
16.53704602395177
16.531170623076846
16.5331166040562
16.540352939644738
16.538388080304237
16.53280146835405
16.53160771933358
16.553622411644977
16.5541670182172
16.54702805253246
16.525877825744317
16.535798083790734
16.522068605398584
16.535184944377225
16.54235065074833
16.544501329017113
16.540383829180236
16.536617132708848
16.543030038818983
16.522750583756
16.538377287442728
16.550612269155206
16.53174986070989
16.537675252655887
16.536963021358872
16.51546410221578
16.541709381601084
16.549788744553275
16.55304806799535
16.540762462274497
16.541584234408404
16.538084716748095
16.52343875733788
16.530290723151868
16.540477840491878
16.53400796514643
16.544942947299887
16.53300559490233
16.531526989949025
16.52714289545708
16.528121897021826
16.540419444403685
16.524580572572205
16.544241121053087
16.532747982103196
16.532533805388624
16.539114491104165
16.540411693055916
16.541738822332125
16.544762351628766
16.5297864709059
16.5354887762338
16.528771555332273
16.536481823152897
16.53324773183564
16.54560354237666
16.538620847570318
16.52224861081604
16.536489648892143
16.52220233444058
16.537345020362483
16.541743002889103
16.540466737869146
16.549088085398953
16.531680491269398
16.522030888920856
16.53398950874348
16.541768419163308
16.532346555948866
16.54590828522392
16.537643871648843
16.527420668345886
16.53928124264378
16.542800376482326
16.538858185643736
16.54112369508085
16.540984659853493
16.543125231857495
16.528135336268587
16.525256788639158
16.54319465251835
16.533255119762764
16.53708616607939
16.54220111900583
16.53512507753299
16.54669610313747
16.539752034580005
16.529329113338303
16.530514047578777
16.526190749214738
16.54388698470562
16.53499109482826
16.542120421329116
16.546722159666174
16.534432183141295
16.53911758749686
16.541919976549075
16.536781001273933
16.537072835371013
16.537628992134348
16.536115102450864
16.52949886492756
16.53058729513222
16.549219782700014
16.524424411451726
16.534550930228075
16.534284934363402
16.536330336500008
16.531840545137214
16.522908458319467
16.54672008646114
16.55354248349319
16.536602321488168
16.534147583310258
16.54213520328102
16.525600837014824
16.520352024556427
16.527046636547276
16.541577875766606
16.53874644355091
16.538142899418123
16.525344984000906
16.526015893882498
16.534942376948987
16.536024399730554
16.527103894811763
16.533725149491254
16.526517709502784
16.52882094395435
16.536021467974727
16.53931270901809
16.52416127051234
16.538005872760586
16.531877976244367
16.54117093854548
16.5266839488388
16.53329123743355
16.521551917580997
16.536309797135765
16.53497839461812
16.53298235793248
16.541191730352924
16.530855649572505
16.53289219912361
16.52020718801357
16.530188336091882
16.549179847892898
16.536526525112063
16.540456862095983
16.539800343915935
16.53272294388403
16.52609421225155
16.526619901437588
16.536062060109796
16.52312150574706
16.528443326730557
16.542425128809935
16.53298236890827
16.540041747910287
16.52847841877462
16.51825493741828
16.529059710100178
16.516344159460434
16.52499621969355
16.53363475287357
16.534759755634592
16.529988732789178
16.522231450776005
16.53915399907495
16.5311042878329
16.540070659364275
16.536270718440374
16.53857620170964
16.538685554738546
16.532383056552817
16.530563574008013
16.532612214003073
16.521860927572032
16.531298014209092
16.527309995782954
16.529445543313575
16.535124539719213
16.542974122040107
16.521191254296266
16.536865439256438
16.52057220137028
16.54588965808644
16.52826632624087
16.529298064044063
16.524073683697246
16.513129386755512
16.533430566568203
16.52682839635083
16.532231384531006
16.541756270181796
16.52957605035104
16.535223052324845
16.522791261258334
16.517604040062945
16.527641463462654
16.522648360113354
16.517201622428797
16.52478765038883
16.535284225288255
16.52022872861389
16.541630925424872
16.52116270504339
16.52038139577412
16.539758022483962
16.531946272496373
16.527275758631088
16.51986003592801
16.52812393729949
16.513308059224084
16.509658726889764
16.525032577612212
16.54119007910609
16.516973000353254
16.534141192960618
16.539928532622355
16.52914646763326
16.526952871581173
16.536410243919743
16.533035707595708
16.536124384311766
16.521476654140542
16.51309576302843
16.548084773675864
16.52385582277537
16.533459979249997
16.559313350931152
16.533752603604057
16.52910321691762
16.51946628551044
16.536325554713567
16.52594853179229
16.53276538361064
16.53294263776306
16.53005287287485
16.531543248754634
16.527453077418723
16.52917844011351
16.525818746717995
16.517458692536025
16.532528822379344
16.54657643530375
16.526971888969012
16.52444729963532
16.531165098595192
16.52478867357649
16.52515762114464
16.531434834765655
16.51729261539781
16.51677255435368
16.52738684705456
16.52769710218815
16.517921297751425
16.530905677229548
16.522781587927543
16.52162497366786
16.523957280551684
16.517985015878896
16.521349208129337
16.524169692602914
16.520121520742432
16.523962864790427
16.526677781663587
16.50815534713628
16.510151754559764
16.529224760392133
16.527231318871383
16.530790216782513
16.518556396064856
16.522532580148837
16.537143124338915
16.527696302174913
16.520315684930747
16.546278840135734
16.53006286328406
16.516503260873467
16.527416160954235
16.5204055303198
16.51316591662824
16.537425913164377
16.53837931918366
16.519036046684246
16.52846176606005
16.520685469098105
16.53561718201698
16.533771753920924
16.528647591085996
16.517034691617923
16.526359428835036
16.534399748458277
16.534260266882075
16.528163990401247
16.515894606900034
16.52181803661844
16.51787454209974
16.52653147558422
16.53824321937073
16.523182365290648
16.539133628006176
16.51846410795246
16.53344324848536
16.523679080826547
16.526537031773717
16.540369680165636
16.51456054946041
16.538786679582522
16.51716723527445
16.523397487142812
16.515742662922502
16.52964807105491
16.529789894133273
16.52034442808927
16.522798300399195
16.52307330738858
16.52672786663865
16.524123212565545
16.520876134448038
16.507744474484184
