0.00772 
0.00832 
0.00816 
0.00856 
0.00798 
0.00782 
0.00776 
0.00826 
0.00826 
0.00832 
0.00816 
0.0078 
0.00818 
0.00812 
0.00824 
0.00812 
0.0083 
0.00816 
0.00828 
0.00846 
0.00822 
0.0084 
0.0083 
0.00832 
0.00822 
0.00832 
0.00812 
0.00824 
0.00842 
0.00846 
0.00836 
0.00866 
0.00864 
0.00858 
0.00858 
0.0084 
0.00832 
0.00848 
0.00834 
0.00868 
0.00832 
0.00864 
0.00878 
0.00834 
0.00854 
0.00834 
0.00824 
0.00832 
0.00856 
0.00844 
0.00858 
0.00878 
0.00876 
0.00882 
0.00874 
0.00854 
0.00858 
0.00854 
0.00882 
0.00866 
0.00846 
0.0087 
0.00874 
0.0086 
0.00844 
0.0088 
0.00902 
0.00852 
0.0087 
0.00832 
0.00874 
0.0088 
0.0086 
0.00876 
0.00878 
0.00894 
0.00864 
0.00856 
0.00904 
0.00866 
0.00862 
0.00902 
0.00878 
0.00838 
0.00898 
0.00874 
0.00896 
0.00882 
0.00916 
0.00868 
0.00908 
0.00882 
0.00886 
0.00884 
0.0089 
0.00874 
0.00888 
0.00886 
0.00892 
0.00896 
0.00872 
0.00874 
0.00878 
0.00878 
0.00846 
0.00866 
0.00888 
0.0087 
0.00864 
0.0089 
0.0083 
0.00888 
0.0087 
0.00872 
0.0087 
0.00884 
0.00882 
0.00902 
0.00886 
0.0089 
0.00858 
0.00882 
0.00888 
0.00902 
0.00888 
0.0088 
0.00864 
0.00886 
0.00916 
0.00892 
0.00878 
0.00888 
0.0088 
0.0088 
0.00892 
0.00886 
0.00884 
0.0088 
0.00894 
0.0088 
0.0089 
0.00872 
0.00872 
0.0089 
0.00902 
0.00912 
0.00918 
0.0088 
0.0087 
0.0088 
0.00888 
0.0091 
0.00898 
0.0088 
0.0088 
0.009 
0.00884 
0.00866 
0.00884 
0.00892 
0.0089 
0.00908 
0.00848 
0.00884 
0.00902 
0.0088 
0.00886 
0.00926 
0.0088 
0.00898 
0.00904 
0.00894 
0.0091 
0.00902 
0.00882 
0.00878 
0.00884 
0.00872 
0.00854 
0.00914 
0.0087 
0.00904 
0.00902 
0.00884 
0.009 
0.009 
0.00888 
0.0089 
0.00884 
0.0089 
0.00918 
0.00876 
0.00884 
0.00854 
0.00894 
0.0089 
0.00886 
0.0088 
0.0089 
0.00884 
0.00894 
0.00912 
0.00896 
0.00904 
0.00874 
0.0091 
0.00896 
0.00898 
0.00894 
0.00844 
0.00922 
0.00908 
0.00904 
0.00888 
0.00914 
0.0093 
0.00896 
0.00898 
0.00926 
0.00896 
0.0091 
0.00894 
0.0092 
0.00912 
0.00898 
0.00904 
0.00904 
0.00908 
0.00882 
0.0092 
0.00902 
0.00892 
0.00906 
0.0091 
0.00882 
0.0089 
0.009 
0.00918 
0.00914 
0.00894 
0.00872 
0.00918 
0.00908 
0.00922 
0.0089 
0.00898 
0.0091 
0.00896 
0.00942 
0.00908 
0.00902 
0.00888 
0.00872 
0.00878 
0.00896 
0.00878 
0.0089 
0.00894 
0.00914 
0.00906 
0.00894 
0.00926 
0.00896 
0.00874 
0.0091 
0.00882 
0.00898 
0.00902 
0.00908 
0.0092 
0.00902 
0.00908 
0.00932 
0.00916 
0.00864 
0.009 
0.00916 
0.00902 
0.00904 
0.00908 
0.00868 
0.00912 
0.00894 
0.00862 
0.00884 
0.009 
0.0089 
0.00914 
0.00916 
0.00914 
0.00888 
0.00886 
0.00908 
0.0092 
0.00922 
0.0092 
0.00878 
0.0089 
0.00902 
0.00936 
0.0092 
0.00908 
0.0091 
0.00894 
0.00922 
0.00896 
0.0092 
0.00896 
0.00886 
0.00916 
0.00918 
0.00938 
0.00908 
0.00906 
0.009 
0.00882 
0.00908 
0.00906 
0.00926 
0.00912 
0.00896 
0.00924 
0.0088 
0.00918 
0.00882 
0.00896 
0.00906 
0.00874 
0.00914 
0.00934 
0.0089 
0.00894 
0.00914 
0.00912 
0.00912 
0.00904 
0.00906 
0.00902 
0.00912 
0.00924 
0.00902 
0.00918 
0.00908 
0.00918 
0.0089 
0.00872 
0.0091 
0.00912 
0.00878 
0.00904 
0.00896 
0.00914 
0.0091 
0.00916 
0.00938 
0.0089 
0.00914 
0.0092 
0.00878 
0.00924 
0.00908 
0.00888 
0.00878 
0.00922 
0.00892 
0.00894 
0.0088 
0.0091 
0.00918 
0.009 
0.0092 
0.00912 
0.00926 
0.00904 
0.009 
0.00898 
0.00918 
0.00924 
0.00924 
0.00892 
0.0092 
0.00908 
0.00912 
0.0091 
0.00912 
0.0092 
0.00934 
0.0091 
0.00902 
0.00918 
0.00904 
0.0089 
0.00908 
0.0092 
0.00938 
0.00924 
0.00908 
0.00922 
0.00918 
0.00882 
0.0092 
0.0091 
0.00926 
0.00922 
0.0093 
0.00914 
0.00932 
0.00912 
0.00906 
0.00894 
0.00916 
0.00904 
0.00914 
0.00918 
0.00916 
0.00912 
0.00938 
0.00898 
0.00932 
0.00896 
0.00918 
0.0091 
0.00912 
0.00904 
0.00898 
0.00912 
0.00918 
0.00924 
0.00898 
0.00948 
0.00908 
0.0094 
0.0091 
0.009 
0.00916 
0.00916 
0.00916 
0.00932 
0.00918 
0.0093 
0.00924 
0.00914 
0.00928 
0.00938 
0.00896 
0.00936 
0.00922 
0.00946 
0.00928 
0.00946 
0.00916 
0.00924 
0.0091 
0.00918 
0.0093 
0.00912 
0.00904 
0.0094 
0.00932 
0.00918 
0.00926 
0.0093 
0.00926 
0.00918 
0.00926 
0.0091 
0.0092 
0.00928 
0.00922 
0.00906 
0.00928 
0.00918 
0.00916 
0.00906 
0.00938 
0.00938 
0.00936 
0.0092 
0.00904 
0.00938 
0.00942 
0.00944 
0.00918 
0.00904 
0.00898 
0.00932 
0.00906 
0.00938 
0.00928 
0.00934 
0.00902 
0.00904 
0.00914 
0.00926 
0.00922 
0.00952 
0.0093 
0.00918 
0.0094 
0.00934 
0.00932 
0.00932 
0.0094 
0.0092 
0.0093 
0.00926 
0.00924 
0.00908 
0.0092 
0.00902 
0.00918 
0.00942 
0.00934 
0.0093 
0.00938 
0.00908 
0.0093 
0.00942 
0.00932 
0.00928 
0.00946 
0.00924 
0.00916 
0.00924 
0.00912 
0.00966 
0.00928 
0.00956 
0.0093 
0.00908 
0.00934 
0.00958 
0.00936 
0.00938 
0.00912 
0.00922 
0.00942 
0.0092 
0.00948 
0.0096 
0.0093 
0.00918 
0.00928 
0.00948 
0.00934 
0.00932 
0.00936 
0.00922 
0.00936 
0.00924 
0.00948 
0.00922 
0.00946 
0.00954 
0.00952 
0.00936 
0.00918 
0.00954 
0.00956 
0.0093 
0.0095 
0.00942 
0.0092 
0.00926 
0.00956 
0.00968 
0.00952 
0.00938 
0.00928 
0.00942 
0.00938 
0.00948 
0.00898 
0.00938 
0.00962 
0.00942 
0.00946 
0.00914 
0.0095 
0.00948 
0.00888 
0.00962 
0.00966 
0.00902 
0.0095 
0.0095 
0.00948 
0.00932 
0.00936 
0.00936 
0.00938 
0.00964 
0.0094 
0.00936 
0.0097 
0.0094 
0.0094 
0.00958 
0.0097 
0.0093 
0.00936 
0.00946 
0.00936 
0.00934 
0.00912 
0.00946 
0.0093 
0.00948 
0.00952 
0.00916 
0.00964 
0.00928 
0.00958 
0.00958 
0.0093 
0.0095 
0.00932 
0.00942 
0.00946 
0.00958 
0.00932 
0.00922 
0.00954 
0.00948 
0.0092 
0.00922 
0.00954 
0.00924 
0.00954 
0.0096 
0.00952 
0.00938 
0.00956 
0.00932 
0.00966 
0.00966 
0.0096 
0.0095 
0.00934 
0.00952 
0.00936 
0.0093 
0.0093 
0.00928 
0.00952 
0.00954 
0.00934 
0.00954 
0.00964 
0.00952 
0.00948 
0.00908 
0.00932 
0.00934 
0.00944 
0.00942 
0.0094 
0.00938 
0.00938 
0.00946 
0.0096 
0.00928 
0.00934 
0.0094 
0.0094 
0.00946 
0.00958 
0.00954 
0.00924 
0.0094 
0.00948 
0.00944 
0.00922 
0.00952 
0.00954 
0.0094 
0.00944 
0.00908 
0.0096 
0.00972 
0.00942 
0.00944 
0.0096 
0.00962 
0.00934 
0.00948 
0.00946 
0.00966 
0.00962 
0.00958 
0.00958 
0.00948 
0.00946 
0.0096 
0.0094 
0.0093 
0.00962 
0.0094 
0.0096 
0.0093 
0.00974 
0.00976 
0.00938 
0.00972 
0.00946 
0.00964 
0.00962 
0.00944 
0.00962 
0.00948 
0.00966 
0.00948 
0.00962 
0.0095 
0.0095 
0.00944 
0.00958 
0.00952 
0.00952 
0.0095 
0.0096 
0.00982 
0.00952 
0.00962 
0.00962 
0.0097 
0.00946 
0.00952 
0.00954 
0.00944 
0.00964 
0.00974 
0.00956 
0.00956 
0.00966 
0.00952 
0.00932 
0.00958 
0.00948 
0.0095 
0.00946 
0.00962 
0.00968 
0.00952 
0.00962 
0.00932 
0.00966 
0.00962 
0.00974 
0.00928 
0.0096 
0.00962 
0.0097 
0.00978 
0.00968 
0.00964 
0.00972 
0.00984 
0.00962 
0.0096 
0.00984 
0.00922 
0.00974 
0.00972 
0.00972 
0.00938 
0.00958 
0.0095 
0.0095 
0.00934 
0.00972 
0.00968 
0.00972 
0.0096 
0.00962 
0.00988 
0.00966 
0.00956 
0.00968 
0.00974 
0.00966 
0.0097 
0.00952 
0.00948 
0.00948 
0.0096 
0.00964 
0.00954 
0.0097 
0.0095 
0.00946 
0.00964 
0.0096 
0.00964 
0.00954 
0.00958 
0.00944 
0.0096 
0.00956 
0.0096 
0.00952 
0.0095 
0.00956 
0.00944 
0.0095 
0.00932 
0.00952 
0.00952 
0.00932 
0.00966 
0.00966 
0.00966 
0.0093 
0.00948 
0.0095 
0.0095 
0.00976 
0.00972 
0.00972 
0.00968 
0.00976 
0.00974 
0.0095 
0.00964 
0.00946 
0.00956 
0.00958 
0.00964 
0.0095 
0.00988 
0.00934 
0.0095 
0.00972 
0.0097 
0.00952 
0.00972 
0.00964 
0.00958 
0.0097 
0.00964 
0.0095 
0.00936 
0.0096 
0.0094 
0.00964 
0.00932 
0.00944 
0.00948 
0.00976 
0.00948 
0.00948 
0.00952 
0.0096 
0.0095 
0.00956 
0.00986 
0.00954 
0.00954 
0.00958 
0.00968 
0.00946 
0.00966 
0.0096 
0.0097 
0.00948 
0.00948 
0.00968 
0.00956 
0.0097 
0.00968 
0.00968 
0.00946 
0.00962 
0.00974 
0.0098 
0.00968 
0.0097 
0.00962 
0.00962 
0.00966 
0.00938 
0.0097 
0.00976 
0.0095 
0.00956 
0.0095 
0.00974 
0.00964 
0.0097 
0.00942 
0.00944 
0.00962 
0.00962 
0.0095 
0.00958 
0.00966 
0.0096 
0.00948 
0.00974 
0.00966 
0.00962 
0.00954 
0.00954 
0.00974 
0.00948 
0.00964 
0.00978 
0.00966 
0.00974 
0.00978 
0.00986 
0.00968 
0.00962 
0.00964 
0.0096 
0.00974 
0.00966 
0.00988 
0.0098 
0.00944 
0.00958 
0.00974 
0.00964 
0.0097 
0.00962 
0.00974 
0.00986 
0.00994 
0.00984 
0.00978 
0.0096 
0.00988 
0.0097 
0.00976 
0.00956 
0.00962 
0.00932 
0.00984 
0.0096 
0.0097 
0.0097 
0.0095 
0.00956 
0.00938 
0.00954 
0.00966 
0.00976 
0.00982 
0.00952 
0.00966 
0.0098 
0.00966 
0.00956 
0.00988 
0.0097 
0.00962 
0.0096 
0.00974 
0.00962 
0.00968 
0.00964 
0.00978 
0.00966 
0.0097 
0.00986 
0.00984 
0.00972 
0.00938 
0.0098 
0.0097 
0.00982 
0.00982 
0.00982 
0.00972 
0.0096 
0.00964 
0.00966 
0.00984 
0.00962 
0.00966 
0.00968 
0.00956 
0.00972 
0.00966 
0.00982 
0.00956 
0.00968 
0.00968 
0.00964 
0.0096 
0.0096 
0.00976 
0.0096 
0.00974 
0.00964 
0.00948 
0.0096 
0.00974 
0.00972 
0.00996 
0.00988 
0.0097 
0.0099 
0.01 
0.0097 
0.00958 
0.00982 
0.00978 
0.00958 
0.00984 
0.00982 
0.00956 
0.00954 
0.00946 
0.0095 
0.0096 
0.0097 
0.00968 
0.00982 
0.0099 
0.00998 
0.0099 
0.00984 
0.00988 
0.00982 
0.00982 
0.00986 
0.00962 
0.0096 
0.00978 
0.00992 
0.00976 
0.00972 
0.00994 
0.00998 
0.00994 
0.00976 
0.00996 
0.0096 
0.00998 
0.00982 
0.00972 
0.0099 
0.00986 
0.00984 
0.0099 
0.01002 
0.0097 
0.00954 
0.00962 
0.00984 
0.00958 
0.00986 
0.0101 
0.00988 
0.00962 
0.0098 
0.00978 
0.00992 
0.00974 
0.01004 
0.01004 
0.00994 
0.00978 
0.00968 
0.00988 
0.00978 
0.01002 
0.00988 
0.01002 
0.00964 
0.00978 
0.00962 
0.01006 
0.00962 
0.01004 
0.00988 
0.00982 
0.0096 
0.00972 
0.00972 
0.00986 
0.00972 
0.00986 
0.00992 
0.00958 
0.00972 
0.00978 
0.01002 
0.00978 
0.0098 
0.00988 
0.00996 
0.0096 
0.00998 
0.00994 
0.01004 
0.00964 
0.00978 
0.01014 
0.0097 
0.0098 
0.01012 
0.01026 
0.00988 
0.0098 
0.01 
0.00976 
0.00976 
0.00984 
0.00992 
0.01002 
0.01012 
0.01004 
0.00962 
0.00998 
0.0098 
0.0099 
0.00992 
0.00982 
0.01006 
0.00992 
0.01004 
0.00988 
0.01002 
0.00976 
0.0098 
0.00998 
0.01002 
0.00972 
0.00994 
0.0096 
0.00998 
0.00998 
0.00988 
0.01016 
0.00988 
0.01 
0.01004 
0.00988 
0.01012 
0.0098 
0.00994 
0.00998 
0.00978 
0.00982 
0.0096 
0.00974 
0.01002 
0.00986 
0.00986 
0.00988 
0.00996 
0.00984 
0.0101 
0.01014 
0.01002 
0.00982 
0.00982 
0.01016 
0.01018 
0.00988 
0.01008 
0.01004 
0.00998 
0.00984 
0.00988 
0.00984 
0.00988 
0.00956 
0.00994 
0.0098 
0.0097 
0.01002 
0.00998 
0.0099 
0.00994 
0.00982 
0.00972 
0.00982 
0.0098 
0.00994 
0.01006 
0.00998 
0.00988 
0.00964 
0.00966 
0.00994 
0.00992 
0.00978 
0.00976 
0.0099 
0.00986 
0.00972 
0.00998 
0.01002 
0.01002 
0.00992 
0.00992 
0.0099 
0.00992 
0.00998 
0.00988 
0.0098 
0.00988 
0.00978 
0.00976 
0.00976 
0.00976 
0.00992 
0.01004 
0.00972 
0.00994 
0.0099 
0.0101 
0.01004 
0.01004 
0.00998 
0.00998 
0.00996 
0.01004 
0.00984 
0.0096 
0.0098 
0.01008 
0.00988 
0.00994 
0.00994 
0.00984 
0.01018 
0.01002 
0.01004 
0.00982 
0.00984 
0.01012 
0.01012 
0.00998 
0.00956 
0.0094 
0.00952 
0.00988 
0.00992 
0.01002 
0.0099 
0.00986 
0.00974 
0.00998 
0.0099 
0.00966 
0.00998 
0.00984 
0.0097 
0.00998 
0.01012 
0.0096 
0.00988 
0.00972 
0.00942 
0.00988 
0.01002 
0.00974 
0.00964 
0.00986 
0.00976 
0.01 
0.00994 
0.00968 
0.00994 
0.00984 
0.00986 
0.00978 
0.0099 
0.01 
0.0097 
0.0098 
0.0099 
0.00998 
0.00984 
0.00962 
0.00992 
0.00982 
0.0101 
0.00984 
0.0099 
0.00976 
0.0097 
0.00988 
0.0097 
0.00984 
0.00994 
0.00988 
0.0099 
0.00996 
0.00978 
0.00976 
0.00968 
0.00984 
0.00974 
0.0099 
0.00996 
0.00982 
0.0099 
0.00976 
0.00986 
0.00982 
0.00978 
0.00972 
0.00972 
0.00978 
0.01 
0.00966 
0.00968 
0.0099 
0.00982 
0.00992 
0.00986 
0.00984 
0.0098 
0.0099 
0.0099 
0.00972 
0.00996 
0.00988 
0.00998 
0.00968 
0.00994 
0.0099 
0.00974 
0.00984 
0.0097 
0.00984 
0.00982 
0.0098 
0.00984 
0.00984 
0.00984 
0.00964 
0.00994 
0.0098 
0.00982 
0.00934 
0.01006 
0.0099 
0.00988 
0.00966 
0.00996 
0.00986 
0.00962 
0.00994 
0.00998 
0.00992 
0.00982 
0.00984 
0.0098 
0.01002 
0.00978 
0.00986 
0.0097 
0.00974 
0.0098 
0.01002 
0.00996 
0.00992 
0.00992 
0.00984 
0.00986 
0.00988 
0.01006 
0.00994 
0.01 
0.00998 
0.00966 
0.00976 
0.00972 
0.01002 
0.0099 
0.00984 
0.01014 
0.0098 
0.00984 
0.00996 
0.00986 
0.00962 
0.00998 
0.00976 
0.00998 
0.00988 
0.00992 
0.00996 
0.01 
0.01002 
0.0098 
0.01004 
0.0101 
0.00996 
0.00988 
0.01006 
0.00982 
0.0099 
0.0099 
0.00976 
0.00984 
0.01008 
0.00992 
0.00992 
0.00986 
0.00966 
0.00974 
0.00982 
0.00964 
0.0099 
0.0099 
0.01006 
0.0101 
0.01 
0.00982 
0.00986 
0.00984 
0.00984 
0.0099 
0.00972 
0.00996 
0.0098 
0.0095 
0.00996 
0.01002 
0.01002 
0.01 
0.00986 
0.01022 
0.01 
0.01002 
0.00992 
0.01002 
0.01002 
0.00968 
0.01008 
0.01 
0.01002 
0.00988 
0.01 
0.00994 
0.00994 
0.00996 
0.0101 
0.01024 
0.01006 
0.00996 
0.01 
0.00978 
0.01006 
0.00984 
0.01006 
0.00996 
0.00974 
0.01 
0.01006 
0.00992 
0.0099 
0.01 
0.01008 
0.00984 
0.0099 
0.0097 
0.01008 
0.01022 
0.00992 
0.00996 
0.00986 
0.00994 
0.0099 
0.00996 
0.0099 
0.01 
0.00998 
0.00996 
0.00984 
0.00986 
0.00958 
0.00996 
0.00976 
0.00994 
0.00988 
0.0098 
0.00978 
0.00986 
0.00974 
0.00974 
0.00996 
0.00992 
0.00984 
0.01014 
0.01004 
0.00982 
0.00994 
0.00984 
0.00962 
0.01004 
0.00994 
0.00984 
