0.004175 
0.004075 
0.004075 
0.0043 
0.004225 
0.004275 
0.004625 
0.004525 
0.004275 
0.0045 
0.0044 
0.0044 
0.004475 
0.00435 
0.004475 
0.004325 
0.004525 
0.0044 
0.00455 
0.004725 
0.00435 
0.004275 
0.00455 
0.0045 
0.0046 
0.00445 
0.004325 
0.004525 
0.00415 
0.004325 
0.004375 
0.0046 
0.004375 
0.0044 
0.004575 
0.00435 
0.004525 
0.00445 
0.004625 
0.00425 
0.0044 
0.0043 
0.00425 
0.00445 
0.00455 
0.00425 
0.00445 
0.004525 
0.00425 
0.0046 
0.004625 
0.00445 
0.004475 
0.004225 
0.00435 
0.0042 
0.004325 
0.004325 
0.004375 
0.0043 
0.0044 
0.00445 
0.004475 
0.0044 
0.0043 
0.0044 
0.00445 
0.004325 
0.004175 
0.0045 
0.0043 
0.00445 
0.0044 
0.00455 
0.0044 
0.00445 
0.004475 
0.0046 
0.0045 
0.004425 
0.004525 
0.0045 
0.00435 
0.004675 
0.00445 
0.004675 
0.004375 
0.004525 
0.00445 
0.004225 
0.0044 
0.0046 
0.00435 
0.0046 
0.00435 
0.0044 
0.004525 
0.0043 
0.004425 
0.0043 
0.0044 
0.004475 
0.004425 
0.00445 
0.004475 
0.00445 
0.004325 
0.0046 
0.0043 
0.004175 
0.00425 
0.004125 
0.00445 
0.004325 
0.00425 
0.004225 
0.0044 
0.004275 
0.004325 
0.0043 
0.004575 
0.0045 
0.0044 
0.004425 
0.004375 
0.0042 
0.004475 
0.004325 
0.004475 
0.004275 
0.004475 
0.004225 
0.004475 
0.004275 
0.0044 
0.0044 
0.004225 
0.004325 
0.004325 
0.00435 
0.00445 
0.004525 
0.0045 
0.004575 
0.004325 
0.00425 
0.0043 
0.0044 
0.00465 
0.00445 
0.0042 
0.004375 
0.004675 
0.004275 
0.004325 
0.0042 
0.00405 
0.0043 
0.00425 
0.0043 
0.0042 
0.004275 
0.004625 
0.004425 
0.004225 
0.004375 
0.00445 
0.004425 
0.004225 
0.004325 
0.004425 
0.00435 
0.004175 
0.0045 
0.00425 
0.00435 
0.004325 
0.004175 
0.00415 
0.004425 
0.0042 
0.004375 
0.004275 
0.004425 
0.004275 
0.00445 
0.004675 
0.00415 
0.004475 
0.004425 
0.004375 
0.00445 
0.004075 
0.004325 
0.004125 
0.0042 
0.004325 
0.004475 
0.004375 
0.00445 
0.00455 
0.00445 
0.0042 
0.0044 
0.004675 
0.004475 
0.0044 
0.004425 
0.0044 
0.004375 
0.004275 
0.004325 
0.004675 
0.00435 
0.004625 
0.004525 
0.004475 
0.0045 
0.00435 
0.004525 
0.00445 
0.00445 
0.00455 
0.004525 
0.004375 
0.0044 
0.00425 
0.0043 
0.004325 
0.00445 
0.004425 
0.004325 
0.004325 
0.004525 
0.00425 
0.004425 
0.0043 
0.0043 
0.00455 
0.004475 
0.00455 
0.004325 
0.004325 
0.00465 
0.00425 
0.004075 
0.004425 
0.0042 
0.004275 
0.00415 
0.0045 
0.004225 
0.004475 
0.004575 
0.004475 
0.004375 
0.004525 
0.00435 
0.0044 
0.004425 
0.004325 
0.00445 
0.00435 
0.004325 
0.004275 
0.004275 
0.0044 
0.004425 
0.004525 
0.004225 
0.00425 
0.0041 
0.004325 
0.004375 
0.004375 
0.0045 
0.004325 
0.004425 
0.00455 
0.00425 
0.004175 
0.004425 
0.00465 
0.004425 
0.004275 
0.0043 
0.004575 
0.0044 
0.0044 
0.00435 
0.004375 
0.00435 
0.0043 
0.0044 
0.00415 
0.00425 
0.004175 
0.004375 
0.00445 
0.004725 
0.0045 
0.0043 
0.0043 
0.004225 
0.004325 
0.004325 
0.0043 
0.004175 
0.004475 
0.0043 
0.003975 
0.0044 
0.004525 
0.004425 
0.0044 
0.004375 
0.004325 
0.004425 
0.0045 
0.00425 
0.0042 
0.004375 
0.004425 
0.004175 
0.004375 
0.00435 
0.0043 
0.0043 
0.004225 
0.00415 
0.004375 
0.004475 
0.0044 
0.0044 
0.00465 
0.0046 
0.0045 
0.004425 
0.0045 
0.00445 
0.0045 
0.004575 
0.00445 
0.004425 
0.004425 
0.00425 
0.004375 
0.004375 
0.004425 
0.004475 
0.004425 
0.004375 
0.0045 
0.0043 
0.0045 
0.004425 
0.0042 
0.00445 
0.0043 
0.0044 
0.00455 
0.004275 
0.004575 
0.004275 
0.004525 
0.004325 
0.004325 
0.00435 
0.0044 
0.004525 
0.0045 
0.00435 
0.004375 
0.004275 
0.0043 
0.0043 
0.004475 
0.004625 
0.0042 
0.00425 
0.00445 
0.004375 
0.0043 
0.0044 
0.0046 
0.004625 
0.004625 
0.004375 
0.0045 
0.004275 
0.0045 
0.004275 
0.004575 
0.004475 
0.0043 
0.00445 
0.00425 
0.004475 
0.004325 
0.00435 
0.004375 
0.00435 
0.004275 
0.00455 
0.0044 
0.004675 
0.00445 
0.00425 
0.004425 
0.004475 
0.004225 
0.00425 
0.00445 
0.00465 
0.004375 
0.004325 
0.0043 
0.00435 
0.004325 
0.00435 
0.004375 
0.00455 
0.004225 
0.00465 
0.00435 
0.004375 
0.00435 
0.00435 
0.004525 
0.004475 
0.004325 
0.004325 
0.004275 
0.0045 
0.004175 
0.0045 
0.004325 
0.004425 
0.0044 
0.0047 
0.0045 
0.004525 
0.004425 
0.004475 
0.00445 
0.0045 
0.004425 
0.004375 
0.004375 
0.0046 
0.004425 
0.004425 
0.004375 
0.0043 
0.0044 
0.004375 
0.004525 
0.004625 
0.0044 
0.0043 
0.00455 
0.00445 
0.004375 
0.004275 
0.00445 
0.004425 
0.004575 
0.004425 
0.0044 
0.0044 
0.004375 
0.0043 
0.004525 
0.0043 
0.004325 
0.004425 
0.0044 
0.004475 
0.0043 
0.004375 
0.00445 
0.004375 
0.004325 
0.004575 
0.00455 
0.00445 
0.004525 
0.00455 
0.004525 
0.004575 
0.00455 
0.0043 
0.00445 
0.00455 
0.004575 
0.00435 
0.004325 
0.0044 
0.004425 
0.00445 
0.004425 
0.004425 
0.004475 
0.0044 
0.0044 
0.004425 
0.004375 
0.00445 
0.004475 
0.0042 
0.0042 
0.004375 
0.00455 
0.00425 
0.0043 
0.004625 
0.004475 
0.004325 
0.0044 
0.0046 
0.004425 
0.0044 
0.0045 
0.004375 
0.0043 
0.0043 
0.00445 
0.00445 
0.0045 
0.00465 
0.00435 
0.004225 
0.004525 
0.004175 
0.004525 
0.004375 
0.004475 
0.0045 
0.004425 
0.004225 
0.004425 
0.00455 
0.004275 
0.004325 
0.00425 
0.0043 
0.004525 
0.0045 
0.004425 
0.004325 
0.00455 
0.004375 
0.004475 
0.004525 
0.00415 
0.00435 
0.004225 
0.00435 
0.00445 
0.0042 
0.004125 
0.004475 
0.0042 
0.0045 
0.0041 
0.004325 
0.004375 
0.00435 
0.0043 
0.004175 
0.0045 
0.0044 
0.00445 
0.004375 
0.0043 
0.00435 
0.004375 
0.004425 
0.004325 
0.00445 
0.00435 
0.004325 
0.004375 
0.00445 
0.00425 
0.004325 
0.004375 
0.004425 
0.004325 
0.004325 
0.004325 
0.00455 
0.004225 
0.0041 
0.004275 
0.004425 
0.00445 
0.004375 
0.00435 
0.004225 
0.00425 
0.004275 
0.004275 
0.004375 
0.004375 
0.00445 
0.00445 
0.004225 
0.0041 
0.004325 
0.004225 
0.004275 
0.004225 
0.004475 
0.00435 
0.00425 
0.0043 
0.004075 
0.004425 
0.004325 
0.0042 
0.004425 
0.004175 
0.004225 
0.004275 
0.004425 
0.00425 
0.004475 
0.0047 
0.0043 
0.0045 
0.0045 
0.004475 
0.004325 
0.0046 
0.004375 
0.004375 
0.0042 
0.004225 
0.004325 
0.00435 
0.004125 
0.004475 
0.004525 
0.004225 
0.00435 
0.00445 
0.00425 
0.00415 
0.0042 
0.004425 
0.004375 
0.0041 
0.0043 
0.004225 
0.00435 
0.0045 
0.00425 
0.004125 
0.00445 
0.0045 
0.00455 
0.0044 
0.00425 
0.004475 
0.0043 
0.004625 
0.004325 
0.00435 
0.004275 
0.00445 
0.00455 
0.004375 
0.004225 
0.00435 
0.0044 
0.0043 
0.004275 
0.00445 
0.004225 
0.004225 
0.00425 
0.004375 
0.004525 
0.0043 
0.004125 
0.004275 
0.004375 
0.00435 
0.00435 
0.0044 
0.0043 
0.004275 
0.004225 
0.004475 
0.0045 
0.0042 
0.004475 
0.004225 
0.004375 
0.00425 
0.0043 
0.0045 
0.004575 
0.0044 
0.00445 
0.004475 
0.0045 
0.0043 
0.004225 
0.0042 
0.0042 
0.00435 
0.004375 
0.0044 
0.004225 
0.004325 
0.004425 
0.0045 
0.004375 
0.0043 
0.004325 
0.0043 
0.004275 
0.00455 
0.004425 
0.004375 
0.00435 
0.00415 
0.00425 
0.00445 
0.004425 
0.00425 
0.00425 
0.00425 
0.004275 
0.0042 
0.0043 
0.004575 
0.004125 
0.004375 
0.004225 
0.004325 
0.0043 
0.0043 
0.0045 
0.00435 
0.0044 
0.0045 
0.004225 
0.00425 
0.0044 
0.0046 
0.00435 
0.004225 
0.004325 
0.00435 
0.0044 
0.0043 
0.004225 
0.0044 
0.00435 
0.004275 
0.0044 
0.004125 
0.00435 
0.0044 
0.0045 
0.0044 
0.004425 
0.0043 
0.004125 
0.0043 
0.004425 
0.004175 
0.004475 
0.004225 
0.00445 
0.00455 
0.004375 
0.004475 
0.00445 
0.0044 
0.004625 
0.0044 
0.004475 
0.004375 
0.0043 
0.0044 
0.004475 
0.00425 
0.004425 
0.004475 
0.00435 
0.004425 
0.004375 
0.004375 
0.0044 
0.004375 
0.0042 
0.0044 
0.004375 
0.00435 
0.0045 
0.004525 
0.004275 
0.004325 
0.004375 
0.00445 
0.0043 
0.0043 
0.0041 
0.0045 
0.004275 
0.004225 
0.0043 
0.0043 
0.004175 
0.004375 
0.00415 
0.004475 
0.00445 
0.00435 
0.0045 
0.00415 
0.004425 
0.00435 
0.00455 
0.0046 
0.004625 
0.004375 
0.0044 
0.004375 
0.0043 
0.00435 
0.0042 
0.004475 
0.00455 
0.004575 
0.00435 
0.00425 
0.0044 
0.004425 
0.004 
0.004625 
0.00435 
0.004325 
0.0044 
0.0043 
0.004725 
0.00445 
0.0044 
0.004475 
0.0044 
0.0044 
0.0044 
0.004275 
0.00445 
0.004475 
0.00455 
0.00435 
0.004525 
0.004375 
0.00425 
0.004375 
0.00455 
0.0046 
0.00445 
0.00445 
0.004475 
0.00445 
0.004525 
0.0044 
0.00435 
0.0043 
0.0046 
0.0044 
0.004625 
0.004475 
0.004325 
0.0044 
0.00455 
0.0045 
0.004525 
0.00435 
0.004525 
0.0043 
0.004325 
0.0044 
0.004525 
0.004475 
0.004475 
0.004625 
0.00435 
0.004575 
0.00445 
0.004175 
0.0044 
0.0044 
0.0044 
0.0044 
0.00465 
0.004475 
0.0043 
0.004225 
0.004325 
0.00435 
0.00465 
0.0046 
0.004475 
0.004275 
0.004525 
0.004225 
0.0044 
0.00445 
0.00435 
0.00435 
0.0044 
0.0044 
0.004525 
0.004375 
0.00455 
0.0046 
0.0043 
0.0043 
0.004225 
0.004425 
0.004475 
0.0045 
0.004375 
0.004275 
0.004375 
0.00455 
0.004525 
0.0045 
0.004375 
0.00445 
0.004425 
0.0044 
0.004525 
0.004575 
0.00455 
0.0046 
0.004575 
0.00445 
0.004275 
0.00425 
0.004375 
0.0045 
0.004475 
0.004275 
0.004475 
0.0044 
0.004475 
0.004425 
0.0046 
0.0045 
0.004425 
0.0044 
0.004425 
0.0045 
0.00435 
0.004425 
0.004425 
0.004275 
0.0044 
0.0044 
0.00455 
0.004475 
0.0043 
0.004525 
0.00445 
0.0044 
0.004325 
0.004325 
0.00425 
0.004525 
0.0046 
0.0044 
0.0042 
0.004375 
0.004475 
0.004425 
0.004375 
0.004325 
0.004425 
0.004425 
0.004475 
0.004275 
0.004275 
0.0045 
0.004425 
0.004325 
0.00445 
0.00455 
0.00435 
0.00435 
0.00425 
0.004425 
0.00445 
