-0.6162622139581939
-0.829114389541509
-0.9052091120454051
-0.9488732272096913
-0.9522479781714241
-0.9965590406256868
-1.0002648190159322
-1.0275932638846395
-1.0410905945331543
-1.076603357749217
-1.0826140108620723
-1.0841508655596876
-1.0843665715678574
-1.1041723407442918
-1.0996018748759004
-1.1344139386930734
-1.15791952030738
-1.1577936084679021
-1.1871816532691117
-1.1599201412152147
-1.1894528884107194
-1.1820137628813838
-1.1966732273931089
-1.216316118264747
-1.2024910797548416
-1.2203259797352355
-1.211620184466662
-1.2318112087981474
-1.24144458282939
-1.252035333677326
-1.2510060483537366
-1.248574949591361
-1.2703219289365022
-1.2830054607537702
-1.2932065612519794
-1.2856523313790635
-1.2936606638876678
-1.301563680019525
-1.285689771022943
-1.3006637504948375
-1.3243634572724248
-1.3050409887757752
-1.3458073145288336
-1.313341162698653
-1.3446426757461274
-1.3375563121512724
-1.3495006000294405
-1.3484038672483791
-1.3509423263237605
-1.3469191646332022
-1.3508158827681676
-1.3526332543024322
-1.3352319614966508
-1.3541920874124902
-1.369714693035311
-1.3691153270204355
-1.3778295931608782
-1.3581754386882343
-1.3783823608437462
-1.3782272192523302
-1.3888981933788875
-1.3818424644372653
-1.3719566813515276
-1.3857484583354667
-1.3958065881753516
-1.3972576146235551
-1.4002743279537582
-1.3816366439585186
-1.4146559854297687
-1.4058293832842346
-1.402989716785948
-1.405465006523425
-1.4061486519815978
-1.4160755625771135
-1.407023317673627
-1.4195106828304203
-1.4124888178637571
-1.421440363540064
-1.4412396496823987
-1.4350510667961882
-1.4066177719389386
-1.4434145759133732
-1.4372182538747178
-1.4507796392416406
-1.4389151795136044
-1.4629286548975484
-1.4500444807359933
-1.446285638053094
-1.4504200723165137
-1.4600842639308451
-1.4436232330244216
-1.4771626709062424
-1.4566320141258142
-1.4558985605264259
-1.4546059854805011
-1.4526352455548923
-1.445298609526261
-1.4603333900041897
-1.4681166114709567
-1.4829926088338008
-1.4925742283501588
-1.4873522834094894
-1.484361650998635
-1.4896955977925255
-1.4855047577177471
-1.4773462251629061
-1.4850957119251456
-1.510393396362929
-1.5044304806253184
-1.49136125218228
-1.4967844711850062
-1.5105551478198118
-1.4794248668738947
-1.4765704489120133
-1.5025509129399839
-1.4924711607911092
-1.513691753377695
-1.5070116404072402
-1.5160075160853392
-1.4975270395693572
-1.525193368077583
-1.4912082325771947
-1.4904605616693911
-1.497908631249157
-1.510461648711768
-1.5013283341741928
-1.5119709249042794
-1.5200165921769788
-1.5069098557962481
-1.5111980682138897
-1.5242535208192323
-1.507042984828315
-1.5209003189945465
-1.5303652219455262
-1.5268296951528095
-1.5491535035545563
-1.5093836308745168
-1.540480294191014
-1.5449538462607146
-1.534657512479426
-1.5444735090445985
-1.538568782074677
-1.5256998203599546
-1.5121447668051171
-1.5575756209585674
-1.5503219984986287
-1.5322442871835225
-1.5208388496847713
-1.5375242135713778
-1.548155626067725
-1.5446166772671672
-1.5591720693251665
-1.5571142035677
-1.5432029611924116
-1.5778008604903355
-1.5584636722379328
-1.5527960516302788
-1.5579808569320328
-1.5736911144402936
-1.56628127720045
-1.5577068084950947
-1.5742601043427997
-1.5579823496396585
-1.5280016194219175
-1.5629325974018067
-1.563898013375909
-1.5643446719859873
-1.585350934196921
-1.5812117754650847
-1.5605399602514398
-1.5522023076596467
-1.5838372018331153
-1.5599103669071441
-1.5732708269982691
-1.5937463682325905
-1.576633207023601
-1.580495427026773
-1.5776346138371227
-1.6011812473502
-1.5796888868522156
-1.5715389593178049
-1.5888126500122381
-1.587105670548461
-1.59411713046491
-1.5885261038075322
-1.5988171399401887
-1.5785220504721718
-1.5888051620834625
-1.6104118878884084
-1.5875649513186092
-1.6116238737959996
-1.5847025673712611
-1.5807291065030695
-1.5902883476003662
-1.6034525751762683
-1.5896324635771535
-1.6083329681240384
-1.5980947426213024
-1.6009473264064935
-1.596157986184825
-1.5982102225808537
-1.5679080602153184
-1.6070212171510663
-1.6070688911106275
-1.5981801440343832
-1.5902696911941099
-1.6015687415666897
-1.6042907451424757
-1.601042801156983
-1.6185361979257724
-1.5815484590847473
-1.593336576086176
-1.6019000202188711
-1.6005719738543187
-1.591003747242491
-1.5914330958100535
-1.6227241989291843
-1.6163253491491918
-1.6230027401233877
-1.5865723373335037
-1.6124225992071048
-1.61229849715367
-1.5981380360205766
-1.6090038816642274
-1.6056983733116208
-1.6224227671123221
-1.5946849837632435
-1.6081372331780242
-1.5757109551783413
-1.6030431830364724
-1.6025497577989194
-1.6318635794207872
-1.6189504828294525
-1.5895424011113393
-1.6183908052761535
-1.6193978487683074
-1.620212079314015
-1.6086115605386018
-1.624630084123148
-1.599298638151125
-1.616580155804334
-1.6135298126493878
-1.636949861141117
-1.6104350175394122
-1.6165162718204587
-1.6256958432209767
-1.6196272745156837
-1.624444803008643
-1.6119887432478883
-1.6388149334646551
-1.6086094458694653
-1.6291319269048588
-1.639956574305854
-1.6275338272914253
-1.6256426252672433
-1.63406937933334
-1.6245122455879855
-1.62722057820586
-1.6480844112308435
-1.6257902496611065
-1.6408789163965094
-1.6326592974650584
-1.6294961792733662
-1.6437282806162334
-1.628912208635179
-1.6473878875108021
-1.6435241528484217
-1.635840647665741
-1.6166421836599365
-1.6449810720770561
-1.6305345988944364
-1.6265015272838075
-1.6431428099532261
-1.655088783225135
-1.6378331074629293
-1.660613347807199
-1.6390672352003015
-1.6280113912909233
-1.6322708520133171
-1.6401634094355357
-1.6379216430742112
-1.6575627095254182
-1.6289522385658206
-1.6253854429630368
-1.6352005614649
-1.638083345749799
-1.631321221666263
-1.6529997023170258
-1.6134165278481096
-1.657865304776165
-1.6476882607735637
-1.6596711102653952
-1.6415102634283587
-1.63779968008056
-1.647326437713545
-1.6635344205305094
-1.6239514899680683
-1.6588012105058831
-1.6385971762030327
-1.6603570362491071
-1.6614313247563588
-1.6392669848468908
-1.6517278959074289
-1.6579769602821917
-1.6473867362722412
-1.65145424259898
-1.6597010424679808
-1.6484332218804323
-1.6500761515039313
-1.6349374571114854
-1.6672432843376608
-1.6535196572618411
-1.6561435372628215
-1.6729612765104875
-1.6436763846355935
-1.6576121030256266
-1.666592915039843
-1.653963396311416
-1.6318367862945322
-1.646817582952397
-1.6540586393507546
-1.6450925178235145
-1.659601109107132
-1.6542585572928115
-1.65910670824368
-1.6629318837314615
-1.6609552510254217
-1.6586655375292845
-1.6463659632846217
-1.66289088793118
-1.6639894402545432
-1.6618422730194637
-1.6506521122534867
-1.6839337361133313
-1.6563818753527864
-1.657816803973654
-1.6531663440987276
-1.6470924265244429
-1.6594770314443448
-1.685076555022803
-1.6684958392092029
-1.656519648364133
-1.674193057867572
-1.659007579774198
-1.661972882497646
-1.6638571722123323
-1.6813767499021253
-1.6786204799056967
-1.6730997397771576
-1.6537941496085633
-1.6727615683279988
-1.669926265316546
-1.670888727583239
-1.6656592166637216
-1.6794653182749248
-1.6571270437801586
-1.6519591631486898
-1.6875974211241582
-1.6815904168521656
-1.6605159535127527
-1.6749757269154424
-1.6564176905795436
-1.665614476899052
-1.6777852075484099
-1.6952484233300094
-1.676983874777089
-1.6597280770616458
-1.6767217387323794
-1.6832924328191812
-1.6835896987134538
-1.6903264272548353
-1.6760694962328353
-1.662422704574702
-1.6708283729260536
-1.699863102125085
-1.6623562132306111
-1.6699771978666105
-1.6623804087529097
-1.6632558086034281
-1.6716097785383843
-1.6652647711127007
-1.667511905855535
-1.661550858441521
-1.676801630298195
-1.6613182228849368
-1.6901547366091052
-1.6557273840355446
-1.7000204437529034
-1.6885983669544424
-1.6942113573898745
-1.6579531915962238
-1.6799879025315385
-1.6803910921296805
-1.678123596074331
-1.6830674900728113
-1.6877741264870099
-1.6719667185907778
-1.690771261444482
-1.6656998978246509
-1.6893068079448417
-1.6895475875386192
-1.6962199784300822
-1.685075328173235
-1.6969000262677516
-1.6959599326638615
-1.689472400928702
-1.675490864707381
-1.679249931784237
-1.6807589201671083
-1.6696281433105469
-1.6962781184164764
-1.6950427735857951
-1.6799104232007585
-1.6960465048280213
-1.6868541234594476
-1.6672944534770058
-1.6793346405029297
-1.685177095710774
-1.7008964850774506
-1.6749775391405501
-1.7143391318943189
-1.7043174075348604
-1.6860479296320845
-1.686626770917107
-1.6897428395498135
-1.6753210887274779
-1.7002214080537372
-1.7025771177638218
-1.7138788852545306
-1.7071672912753757
-1.684500223535406
-1.7014813313398824
-1.7009434663426235
-1.7020692996051916
-1.6994050603998287
-1.6889277797220918
-1.6907337339942718
-1.702655716625321
-1.6858349578154972
-1.6992811510325088
-1.7054341235734007
-1.6981868573161951
-1.6846523821506354
-1.698899132516378
-1.7132839022390067
-1.6695953452068826
-1.662824452685578
-1.6874782532987083
-1.7054540141464194
-1.6806980874532325
-1.6945952295952136
-1.7076674678441508
-1.6762049496936067
-1.704318078277666
-1.702462271961105
-1.6928987795739527
-1.6918882213894972
-1.6935216703683214
-1.6943270471089942
-1.7013277678233583
-1.6923606926218018
-1.7024138150617594
-1.7055834162875514
-1.7122221749152065
-1.6993762526060918
-1.6924727188656703
-1.6987216393356128
-1.6905160108795556
-1.70014922149346
-1.7167834820954695
-1.6883645850374265
-1.702137420244534
-1.6630491076223075
-1.7207474086595618
-1.7128672977847517
-1.710038299755672
-1.7101082618888992
-1.7046985479876817
-1.7007020672264002
-1.6863265220466477
-1.7087809130968645
-1.7053322170091711
-1.7136389471380913
-1.7087165486172338
-1.711804236292534
-1.7035491850674915
-1.7048656166057148
-1.7143397343433118
-1.6875448422053891
-1.7099109952102232
-1.704506637495192
-1.6925378516506966
-1.6942240405265632
-1.699654662090799
-1.6916848619270812
-1.7014188912823378
-1.6945797025090288
-1.715384805293949
-1.684311208212772
-1.6989622823417645
-1.7023128719281053
-1.7030913311502207
-1.6735366518845034
-1.6962325859557636
-1.7119719390674015
-1.7033456914565142
-1.7135721460327773
-1.7332132807777971
-1.69778882390093
-1.7335158589550905
-1.7135548262340028
-1.7233761814244264
-1.7130794939787493
-1.7237905029140774
-1.699834296770413
-1.708539340807044
-1.7023987513978769
-1.712510060166459
-1.7137025433123265
-1.7136248981251436
-1.7177780644058267
-1.6846500430875422
-1.7003838595222025
-1.6966760250003747
-1.7211314296478506
-1.7038708903905375
-1.7199400855452203
-1.6915578159224955
-1.7075434560361116
-1.7213681847847941
-1.6930715848722726
-1.667926732231589
-1.6974947800111893
-1.7117735772486538
-1.707945848060081
-1.7002367326975478
-1.7238095837176
-1.7018668596701854
-1.7169246600412043
-1.7078580246557056
-1.7190094116093861
-1.7112425294373652
-1.7239618447735487
-1.7212555390184798
-1.7247667532137898
-1.702471111131751
-1.7009610056572253
-1.7046246418867574
-1.7280327535956108
-1.7153815491425106
-1.7282888114909687
-1.7019403633254264
-1.6902152107804633
-1.7164048636355973
-1.733996813254588
-1.7231856368081955
-1.7166349454913907
-1.725190369979195
-1.7274648905410181
-1.702228894928837
-1.7106645296296805
-1.7212175920491328
-1.7112175973175128
-1.7189886063870872
-1.726314683704425
-1.729585908562936
-1.7216654360446784
-1.7191200866113843
-1.7348450541191394
-1.729110364109049
-1.7092876239200991
-1.7102967430563534
-1.7159468658135066
-1.7122320994696654
-1.7223972749832037
-1.7336125068957238
-1.7222477529969666
-1.7111863041167978
-1.7316984947380203
-1.7345709520227768
-1.720740171954455
-1.7349405874071828
-1.7365180232640727
-1.7272949487047122
-1.7238661139212605
-1.7222372674576156
-1.7052801941971645
-1.7324457485657518
-1.7247786143856585
-1.7476336559676149
-1.7093620910059155
-1.72694950640354
-1.7198782967179633
-1.723533898668216
-1.7113288357434675
-1.7180817060153504
-1.7157832777408688
-1.7409979608052832
-1.7327969275472108
-1.7219865730656383
-1.7216787655335253
-1.729282462078592
-1.7234462899015384
-1.7260354620111569
-1.710735850321972
-1.7311227510652274
-1.723284128681778
-1.7378995095372505
-1.7241054203199304
-1.7326271662016963
-1.7317449418480133
-1.7131127823344277
-1.7378114910076952
-1.7154910192465234
-1.7281654484741522
-1.7300086594603556
-1.7403036273653856
-1.721796321137177
-1.7358293045512245
-1.7302932080710332
-1.7378034494112216
-1.7479322365177867
-1.743910345579962
-1.7241483966407873
-1.7183725547302715
-1.715510058585945
-1.7266733872006312
-1.7402450800551783
-1.7346898808198816
-1.7186099659756322
-1.7262508753315566
-1.7198142566339438
-1.7363755965171872
-1.7310379374667506
-1.7431162958559783
-1.7303038301980098
-1.7206444386631021
-1.7418313331311317
-1.7323022266787946
-1.7508534214380758
-1.7280812861059633
-1.7384063398746579
-1.7465636358236718
-1.7295437176209276
-1.7261247293418631
-1.7361086140508237
-1.7401986768483506
-1.719218597997485
-1.7357400616111658
-1.7426517393887806
-1.7222041864224407
-1.7420165581471474
-1.723174351255607
-1.7300396331435883
-1.7251370349503539
-1.739389226869549
-1.722916466500753
-1.7321449265150768
-1.7409490136539234
-1.7503154735126154
-1.7241504088692043
-1.737461075453502
-1.7359018520930845
-1.7394479375970944
-1.7313894091359794
-1.7411411558575642
-1.7628171364669605
-1.7502378405207564
-1.7418526627523514
-1.7223981749980957
-1.7479251803034712
-1.7587098636285727
-1.7392007578974185
-1.7279630280516642
-1.7428713966818417
-1.7431912312422262
-1.7271501170399854
-1.7228511605421295
-1.7430880002658387
-1.7303078839236208
-1.7390552091476557
-1.7552384769215303
-1.733714562242903
-1.7623521190165254
-1.7331077180555106
-1.7558409917689954
-1.7212948396687617
-1.7323746059251868
-1.7591021384119683
-1.7345317684476027
-1.7603202097861053
-1.7403409572513513
-1.7368929026376865
-1.7415430015310303
-1.7311570369983877
-1.7451910106727229
-1.7450471448776361
-1.7487650429806136
-1.717896012698903
-1.732390091547271
-1.7413943063877428
-1.7553206929160505
-1.73431299897411
-1.7573604852037357
-1.7415171450056384
-1.75161481940228
-1.7286929401290385
-1.7303922072700832
-1.7123887118171244
-1.7391991773834619
-1.732329461275769
-1.7424154135272325
-1.7386656612386484
-1.7208475761706261
-1.741744099980425
-1.7397833870499946
-1.7507607272213987
-1.7435038437318924
-1.7456257105483424
-1.7560016432076768
-1.7487652673745704
-1.7232224179045927
-1.7058672331788045
-1.7521479135888922
-1.7261327928899195
-1.7267881378798229
-1.7569227925956707
-1.7330172653393368
-1.743352663181627
-1.725812068070902
-1.738344724220998
-1.7336619491772274
-1.7416462739715186
-1.7482977889078049
-1.743186775070932
-1.7436178748869835
-1.7470215897425971
-1.7329532569631592
-1.737904041319552
-1.7558058619194323
-1.743430644959745
-1.7473388120646367
-1.7443429063957976
-1.7501818834973113
-1.7538638883234594
-1.726340801209745
-1.7461523607258906
-1.7366259567572941
-1.738767597071655
-1.7530074351279021
-1.7494182903748339
-1.7555392599471695
-1.7607773710089876
-1.7549137349628732
-1.7526310093872381
-1.7578091072609356
-1.738650709771744
-1.7567115500759896
-1.7299175530748294
-1.7557521463964907
-1.7911177486409922
-1.7474211939155597
-1.7495832955440902
-1.7528018683118893
-1.7404919060904656
-1.7551518462198166
-1.7441307248361886
-1.7199295292729917
-1.713348832581659
-1.7563560173639556
-1.7453534816537062
-1.7409986656949954
-1.7569087387045936
-1.7388135100264683
-1.7442985300517753
-1.7747936760982894
-1.7612251369544611
-1.7557151872483665
-1.7330136896704165
-1.7682546435109794
-1.7499358989393619
-1.7400909799444095
-1.7597279463277753
-1.7638092358094042
-1.7521185009070979
-1.7508597971533266
-1.7573097648523044
-1.7343821781675528
-1.754053140235374
-1.7395164021445662
-1.7454083069511082
-1.748385517188655
-1.756881487034166
-1.7441358029689935
-1.752354148708646
-1.7560255728719179
-1.7635058478626144
-1.7389300290276022
-1.742378566576087
-1.7317732374381531
-1.7512016271996071
-1.7454889204800892
-1.724454223652325
-1.7399657900680972
-1.741212649723453
-1.7541693250846375
-1.7735535116756664
-1.736561114220973
-1.7513740154178552
-1.749005117684679
-1.748947680148932
-1.7499876802839587
-1.7528460934338972
-1.7567324382264902
-1.7483601192074358
-1.7302148653113323
-1.7469634839031092
-1.7692892045316184
-1.7508664021406637
-1.7677764575499708
-1.7450484375819526
-1.7550274051363817
-1.7733998627918761
-1.7519558713869061
-1.752390073693317
-1.7644233386534864
-1.7488076851496002
-1.7583821825968944
-1.7469622155894404
-1.7719005672523127
-1.7416767574027372
-1.7612775280652448
-1.7550784108583883
-1.735122829447012
-1.7420946935863446
-1.7665369809436067
-1.7502012496714092
-1.7588832616196264
-1.7561855657631174
-1.7606023339664234
-1.7370958742888079
-1.7445233825527493
-1.753374170464323
-1.7415591920428264
-1.7702275200573074
-1.7438674204794646
-1.7541987963039856
-1.7460751228625206
-1.7592165842080665
-1.754682760409382
-1.7567617021253348
-1.7433771660260837
-1.7356012300457186
-1.7456323423653917
-1.7559497496661018
-1.7452782365062354
-1.757441810939623
-1.7517250187866522
-1.7539098720111506
-1.770226983463063
-1.7457869937047934
-1.7727269589748529
-1.7565391301498998
-1.7631629080418736
-1.7509995872712196
-1.738015335843996
-1.7555071350253757
-1.7664349255964273
-1.7562262493631113
-1.7628155242451622
-1.7425353642924668
-1.7669439608483668
-1.764775112766744
-1.7710108988730193
-1.7823564158681104
-1.7739233592587054
-1.7741781488403945
-1.7690775351756065
-1.7504729005077002
-1.7560912690809012
-1.7617605433744543
-1.7556003560800382
-1.7612336907545318
-1.7697518195032769
-1.7479402634798717
-1.7437190716833715
-1.7559803940755936
-1.7675681175173397
-1.7708436839111017
-1.770199346420405
-1.7366734112010282
-1.7398393465125042
-1.7311050044301222
-1.7541158924932065
-1.7608846727844394
-1.7563710200512195
-1.7625568224036174
-1.7454308878125437
-1.7738305260153377
-1.761126108486634
-1.7545787538104045
-1.755509017983361
-1.764434641279528
-1.7801977777115219
-1.780897930759908
-1.7639166790506113
-1.7612052878455433
-1.7543308399522397
-1.7731301436948654
-1.7400938482845532
-1.7527952096651278
-1.7533810364315883
-1.760186390498715
-1.770578647818407
-1.753586932521342
-1.7582205750448319
-1.767380665635209
-1.750242669868957
-1.7637451615784785
-1.7609362468085326
-1.7762239314711001
-1.7705078954282014
-1.7708001344100288
-1.7507931155621852
-1.7547789205370656
-1.7598631290523596
-1.7517497411469365
-1.774316929185482
-1.7806489778601604
-1.7538164241234664
-1.7619084458216987
-1.76345297869514
-1.7562286567200176
-1.7652824065264534
-1.753708510142763
-1.7720109154196346
-1.784407201020614
-1.7512210421549999
-1.7460812741838148
-1.7282382204099689
-1.7547924475901573
-1.7762559368787214
-1.7547673276623192
-1.775578293958893
-1.794063533968328
-1.775339390005907
-1.733785648784979
-1.7727210979022638
-1.764209757070712
-1.7737591150776504
-1.7771090217258618
-1.772394243713535
-1.7643595058899706
-1.7531629157493183
-1.760877577545088
-1.7622032360652524
-1.7497798719674424
-1.7709281170154776
-1.768826452972334
-1.7734739054804263
-1.7585796883039158
-1.7667948486250076
-1.7831186748221708
-1.7542826025687215
-1.7598556460017134
-1.7633656894459444
-1.7742899384949824
-1.7893212701353576
-1.768718660944868
-1.777326861915686
-1.7773085274659763
-1.7616949496061907
-1.7452875903195433
-1.77735153793374
-1.7852356000934415
-1.7748699993123789
-1.7473463902388082
-1.7713798122942601
-1.7565661647435649
-1.7712734227290239
-1.7748324474715211
-1.7616044798165635
-1.7683512816953537
-1.7550937989178825
-1.7696734816217057
-1.7828973394525631
-1.7532059652421175
-1.768730451383859
-1.7813819046215633
-1.7665156269317392
-1.7759723687720725
-1.7854013906415467
-1.767440839801603
-1.7681095728179073
-1.7615296029678695
-1.776430949530638
-1.759910590813288
-1.754010580994589
-1.7738403017868472
-1.7574586429254477
