0.00494 
0.0051 
0.00492 
0.0048 
0.00488 
0.00458 
0.00494 
0.00476 
0.0049 
0.00496 
0.00486 
0.0049 
0.0046 
0.00446 
0.0048 
0.00468 
0.00478 
0.00478 
0.00492 
0.00494 
0.005 
0.0048 
0.00458 
0.00474 
0.005 
0.00484 
0.00496 
0.0049 
0.00456 
0.00514 
0.00466 
0.0049 
0.00472 
0.00434 
0.00542 
0.00494 
0.00532 
0.00488 
0.00516 
0.0046 
0.00512 
0.00492 
0.00504 
0.0049 
0.00502 
0.00496 
0.0051 
0.005 
0.00482 
0.00508 
0.00508 
0.00488 
0.00526 
0.00458 
0.0053 
0.00484 
0.0049 
0.0046 
0.00468 
0.00508 
0.00468 
0.00506 
0.00522 
0.00468 
0.00498 
0.00488 
0.0052 
0.00534 
0.00512 
0.00518 
0.0051 
0.00512 
0.00504 
0.0052 
0.00528 
0.00488 
0.00484 
0.00544 
0.00522 
0.00502 
0.00496 
0.00526 
0.00496 
0.00514 
0.00524 
0.00502 
0.00528 
0.00494 
0.00518 
0.00534 
0.00508 
0.00518 
0.00466 
0.00466 
0.0053 
0.00488 
0.00522 
0.0051 
0.00518 
0.00532 
0.00504 
0.0052 
0.00526 
0.00524 
0.00532 
0.00498 
0.0056 
0.00518 
0.00568 
0.00526 
0.00538 
0.0052 
0.0051 
0.0052 
0.00552 
0.00532 
0.00526 
0.0053 
0.00548 
0.0053 
0.00536 
0.00516 
0.00506 
0.00534 
0.00556 
0.00546 
0.00562 
0.00554 
0.0055 
0.00544 
0.00538 
0.00536 
0.0054 
0.00554 
0.00556 
0.00554 
0.00536 
0.0053 
0.00518 
0.00532 
0.00538 
0.00524 
0.00518 
0.00542 
0.00544 
0.00548 
0.00552 
0.00572 
0.00524 
0.00564 
0.00532 
0.00568 
0.00564 
0.00532 
0.00528 
0.00536 
0.00538 
0.0054 
0.00536 
0.00542 
0.0052 
0.00522 
0.00558 
0.00552 
0.00524 
0.0052 
0.0055 
0.0056 
0.00564 
0.0055 
0.00582 
0.00536 
0.00552 
0.00582 
0.0055 
0.0057 
0.00572 
0.0056 
0.00592 
0.00548 
0.00552 
0.00572 
0.00558 
0.00542 
0.0055 
0.00562 
0.0055 
0.00546 
0.00524 
0.00524 
0.0055 
0.00576 
0.00552 
0.00552 
0.00608 
0.0058 
0.00578 
0.00574 
0.00572 
0.00532 
0.00522 
0.00568 
0.00556 
0.0054 
0.00556 
0.00556 
0.00586 
0.00552 
0.0058 
0.00576 
0.00548 
0.00564 
0.00592 
0.00572 
0.00542 
0.00538 
0.00538 
0.00602 
0.00528 
0.00584 
0.00562 
0.00556 
0.00562 
0.00578 
0.00546 
0.00556 
0.00564 
0.00544 
0.00568 
0.00566 
0.00574 
0.00552 
0.00592 
0.00572 
0.00556 
0.00574 
0.00562 
0.00562 
0.00568 
0.00564 
0.00562 
0.0056 
0.00556 
0.00534 
0.00518 
0.00552 
0.00552 
0.0055 
0.0055 
0.00586 
0.00568 
0.00574 
0.00576 
0.00566 
0.00554 
0.00582 
0.00576 
0.00616 
0.0059 
0.00532 
0.00566 
0.00574 
0.00586 
0.00558 
0.0057 
0.00586 
0.00582 
0.00586 
0.00582 
0.0058 
0.00554 
0.00584 
0.00584 
0.0057 
0.0059 
0.0057 
0.00574 
0.00574 
0.00562 
0.00552 
0.00574 
0.00544 
0.00568 
0.00574 
0.00584 
0.00582 
0.00546 
0.00558 
0.00574 
0.00568 
0.0057 
0.00588 
0.00582 
0.00592 
0.00576 
0.006 
0.00542 
0.00606 
0.00546 
0.00588 
0.0056 
0.0057 
0.0059 
0.0059 
0.00602 
0.00572 
0.00602 
0.00574 
0.00564 
0.0057 
0.00546 
0.00566 
0.00552 
0.00562 
0.00564 
0.00604 
0.00574 
0.00548 
0.00598 
0.00598 
0.00568 
0.00592 
0.0055 
0.00562 
0.00528 
0.0059 
0.00562 
0.00576 
0.00552 
0.0056 
0.00556 
0.00576 
0.00572 
0.00606 
0.0057 
0.0058 
0.00598 
0.00586 
0.00588 
0.006 
0.00588 
0.00568 
0.00566 
0.00586 
0.00574 
0.00576 
0.00562 
0.00596 
0.00578 
0.0058 
0.00612 
0.00588 
0.00556 
0.00548 
0.00566 
0.0058 
0.00598 
0.00578 
0.00578 
0.00576 
0.00584 
0.00568 
0.00558 
0.00576 
0.0059 
0.00596 
0.00574 
0.00598 
0.00598 
0.00588 
0.00564 
0.00596 
0.0059 
0.00592 
0.00598 
0.00584 
0.00584 
0.00588 
0.00588 
0.00592 
0.00596 
0.00516 
0.00582 
0.00564 
0.00574 
0.00582 
0.0058 
0.006 
0.0057 
0.00574 
0.00582 
0.00542 
0.00604 
0.00576 
0.00572 
0.00556 
0.00566 
0.00592 
0.00604 
0.00606 
0.00596 
0.00562 
0.00566 
0.00576 
0.0058 
0.00576 
0.00596 
0.0055 
0.00596 
0.00604 
0.00622 
0.006 
0.00598 
0.00598 
0.0059 
0.0061 
0.00606 
0.0059 
0.00612 
0.0059 
0.00608 
0.0061 
0.0059 
0.00562 
0.00608 
0.00568 
0.00604 
0.00572 
0.00574 
0.00594 
0.00568 
0.00606 
0.00606 
0.00618 
0.00562 
0.00592 
0.00598 
0.0058 
0.00568 
0.00558 
0.00576 
0.00542 
0.00594 
0.00584 
0.00596 
0.00618 
0.00622 
0.0059 
0.00604 
0.0058 
0.00598 
0.0061 
0.00592 
0.00612 
0.00586 
0.00588 
0.00622 
0.00614 
0.00608 
0.00592 
0.00598 
0.0056 
0.0056 
0.00586 
0.00602 
0.00578 
0.00568 
0.00628 
0.00588 
0.00606 
0.00628 
0.00584 
0.00624 
0.00564 
0.00584 
0.00592 
0.00576 
0.00598 
0.00576 
0.00616 
0.00612 
0.00584 
0.00594 
0.00642 
0.00598 
0.0059 
0.00586 
0.00584 
0.00574 
0.00582 
0.00586 
0.00576 
0.00606 
0.00602 
0.00628 
0.00592 
0.00582 
0.00606 
0.00578 
0.00592 
0.00596 
0.00588 
0.00618 
0.00564 
0.0057 
0.006 
0.00604 
0.00606 
0.00598 
0.00588 
0.006 
0.00576 
0.00612 
0.006 
0.00606 
0.0056 
0.0061 
0.00588 
0.00586 
0.00614 
0.00576 
0.0057 
0.00556 
0.00608 
0.00596 
0.00606 
0.00614 
0.00606 
0.0059 
0.00612 
0.00622 
0.00594 
0.0062 
0.00596 
0.00608 
0.00642 
0.00586 
0.00586 
0.00586 
0.00556 
0.00608 
0.0061 
0.00608 
0.00606 
0.00622 
0.00632 
0.00604 
0.00596 
0.00606 
0.00604 
0.00622 
0.0058 
0.00582 
0.00552 
0.00576 
0.00588 
0.0063 
0.0056 
0.00608 
0.00594 
0.00594 
0.00566 
0.00608 
0.0061 
0.00592 
0.00624 
0.00608 
0.0065 
0.00592 
0.00604 
0.00618 
0.0057 
0.00596 
0.00606 
0.00644 
0.00588 
0.00592 
0.0062 
0.00608 
0.00608 
0.00568 
0.00606 
0.00576 
0.00594 
0.00594 
0.00554 
0.00574 
0.00626 
0.0061 
0.00588 
0.00616 
0.00612 
0.00614 
0.0061 
0.00616 
0.00632 
0.0064 
0.00616 
0.00628 
0.00568 
