27.42393316576243
25.96694929215609
25.412355722978596
25.121185795425454
24.908146453330584
24.7595533044137
24.644524293787338
24.552406479330624
24.477052952017626
24.419830363729726
24.372112142460427
24.3155809070753
24.283162702379933
24.247194024303074
24.20718276226307
24.175881910202143
24.156759925510574
24.12500656108417
24.107196339560897
24.099667961335243
24.07877805226904
24.0635579565297
24.046853060612595
24.02582063455411
24.020020226383455
24.0134981965165
24.005019190366312
23.98856858402262
23.982366381398858
23.9745528960167
23.97783069659377
23.94216883578874
23.94048137372107
23.948807467585024
23.934274919807454
23.939834499603037
23.91270448972502
23.911157720229205
23.893199215764586
23.895428655092672
23.898495188759416
23.900065170834438
23.89756953441883
23.87678513929362
23.880395264881653
23.866133348411307
23.858545917989044
23.848679527907116
23.876809386036282
23.863065156180536
23.85436365854405
23.837761103344697
23.84983808854047
23.83485574795462
23.8272419049002
23.832042352622732
23.8292203254407
23.830120981806683
23.83227431743651
23.829418706771968
23.82770682722711
23.814129639159688
23.82264981672282
23.819292248972236
23.815085459853073
23.798406315581573
23.80648079064801
23.812367212437
23.80258198467362
23.802886540932423
23.79215764145717
23.794631409218244
23.78163173558462
23.793992027907116
23.778026456418246
23.79790292432546
23.78527264460883
23.78016112344649
23.779623187716354
23.78121682871943
23.795375399577342
23.779046324512844
23.769143675294373
23.778215018074835
23.76474215124574
23.760024151228883
23.76195616124536
23.774367449533603
23.772557829347107
23.749888227418865
23.756427928309915
23.762475589352192
23.751635441694724
23.756839774148848
23.765979937580237
23.760339795476032
23.76212600795814
23.765777592768753
23.75866028963757
23.756541876536804
23.751252603652837
23.73956708834909
23.74260834354879
23.74425304149423
23.751561184368477
23.737955981203356
23.743079078166993
23.753780186938506
23.740104667975775
23.734164259927656
23.733865640352448
23.741555338320524
23.738804353777404
23.73103981798567
23.736000768363933
23.740008102963344
23.715955304977534
23.746115664996758
23.73635941576165
23.73114169772019
23.719563908589162
23.716635884531318
23.706433296203613
23.709758987817008
23.72496315402448
23.73133367650649
23.724346685287593
23.737638310093406
23.71254394121487
23.71715606874822
23.71240869751367
23.713687147935637
23.710040285154378
23.719095156930596
23.718745873102446
23.708938954736265
23.71701290540378
23.70140115440349
23.7225101573388
23.706108356680712
23.712661450476293
23.700578252982606
23.71037916637138
23.702801933678824
23.70178819007581
23.704217003434515
23.697664587698934
23.68845877196173
23.71543269389121
23.702461403654056
23.693663999552616
23.702525590081958
23.69248330684574
23.700752692454305
23.711140498480834
23.68763475344919
23.689742566374562
23.681787673774583
23.705788607487595
23.690444351157264
23.683453179381388
23.699628710441882
23.700559908776636
23.684202403973437
23.691205900343483
23.688294925348227
23.68713155487919
23.690952488833375
23.701791302322427
23.676870426558473
23.68927631719643
23.68130647069048
23.661198874568694
23.69323245582678
23.684838209615645
23.685062049904747
23.678141384173536
23.681674435315536
23.673787965798926
23.676063908335497
23.67345523102509
23.6719506305197
23.67752746913744
23.671533250442856
23.67389891641524
23.67432360393007
23.67297279377423
23.67355815955745
23.669829402738216
23.674594749879958
23.670135980981694
23.654404301167755
23.66997532222582
23.672996633193073
23.674948911837603
23.66607173324546
23.67299996495552
23.674471642964942
23.669464323526757
23.6764477000517
23.67301950918134
23.677230376416766
23.676677835566917
23.66655953156064
23.657664718530366
23.659673376156547
23.66460018694553
23.65857799705642
23.67464298726348
23.668202809970396
23.66756167253265
23.673893196808407
23.66453740785799
23.662536206452742
23.656911381675155
23.65716543465929
23.655837249268046
23.665699844165225
23.659544025235775
23.651509575221848
23.65770362893029
23.650051312068538
23.662335964115073
23.673228905329008
23.68139976735615
23.651421310346755
23.66359497275194
23.650727401304124
23.644860348128297
23.64317824224682
23.663232054551848
23.65433404878582
23.658612107376918
23.65156568834544
23.664585789146326
23.666885573540807
23.64961133649587
23.651596818128816
23.65412240382046
23.64849366434395
23.65525277618252
23.659172631285685
23.64417524167034
23.645864589135055
23.65498005215774
23.649220269049525
23.65300502191724
23.6549855278581
23.638135317341447
23.640329736577886
23.642965848488576
23.64476199284234
23.64382114800651
23.639292143799764
23.649036158686098
23.64584195217513
23.650968212605743
23.641907177312905
23.66310788908273
23.65073155015326
23.64257242734475
23.64496422789591
23.64261382802978
23.64479317628514
23.654920602393577
23.66242185578017
23.647433405337125
23.644653688611278
23.642222987416456
23.637218819249927
23.644405228402608
23.63922063042136
23.636940597573204
23.641349794919535
23.631927429257757
23.63733954563775
23.632173508939232
23.641407903198086
23.65419699773764
23.64395793319663
23.640731411516818
23.64011518912547
23.640304292254434
23.623453867100086
23.645422301329006
23.63480353782244
23.629766071543973
23.62774865279722
23.63973240962114
23.647313671648654
23.636738743013737
23.622907577573187
23.639985618688872
23.63065830581938
23.63272944740627
23.63401709310234
23.639298880496597
23.640399010894853
23.634288612229135
23.63163497563823
23.624245758251767
23.638232528706038
23.63264246304017
23.63721921681748
23.632237546584186
23.626471173123022
23.63471288998109
23.630600965846224
23.620338520430543
23.62027390228818
23.627282591427075
23.63043653141812
23.646197484887164
23.60173638824307
23.62155926258058
23.630833798967053
23.620017434629943
23.634215735413534
23.638757061775383
23.639139377857415
23.625667669584075
23.623002810856267
23.629242016531318
23.630245747773543
23.62177877596882
23.640422347866362
23.629434378250785
23.62895504349028
23.630688769738082
23.639680301441867
23.629092655523355
23.63736527777084
23.618259710424088
23.638048915911817
23.63346303515422
23.618550822558
23.62516720520566
23.623032111341082
23.621629393009275
23.615849112000916
23.637123590844975
23.60773603141765
23.624994821865542
23.601136966129705
23.624868495385055
23.623271629938383
23.62527398258219
23.61804883132505
23.625376806234765
23.619228675237398
23.626090108281208
23.631847996236115
23.61002125947372
23.61770543296014
23.61608560615793
23.62854752455221
23.624503728373885
23.614794616504092
23.605697109876083
23.623301245062553
23.615315715370276
23.611169902869808
23.601607890994956
23.610525077566162
23.61918772821841
23.623384629369088
23.608992630258545
23.623025864896263
23.60806156607235
23.61556279262923
23.59797027714722
23.62061867628561
23.610544214468174
23.62475566912795
23.61445600114515
23.621526793750654
23.60952379270588
23.614924469872204
23.61300235026328
23.614622916102103
23.616160853744468
23.620674294279056
23.609314552658354
23.62312215429438
23.616158300043676
23.6172374959492
23.603586877398477
23.6147252055995
23.625825079505706
23.61628378260776
23.605956616608992
23.621602707201866
23.626534459536032
23.609525319560408
23.611021539439324
23.613169343270304
23.61112518505672
23.60117723021056
23.606566336453724
23.60080755580112
23.61745307268694
23.60050598739663
23.616010156129022
23.60839378864259
23.612449577702282
23.599823902939896
23.60954510281458
23.61362086049736
23.60667559923723
23.602975942899505
23.606992680093516
23.61885819593659
23.611597778242263
23.61215070446434
23.615063474611247
23.614492365161475
23.60323628379256
23.596664123827843
23.604530802773088
23.62803528924732
23.59990749212787
23.613356775639918
23.60466894896134
23.594895640907385
23.602334903024346
23.611647425405206
23.62563277388473
23.61058285657097
23.61245138992739
23.59038187353812
23.597071032999725
23.601409509663693
23.601097111811722
23.595755472207617
23.60199623888411
23.601494803757923
23.617724599130927
23.61607562794405
23.60580896294635
23.6150333253319
23.596016903362617
23.598223503288406
23.603074227452584
23.604477497013022
23.59840786975363
23.59823897915423
23.59587938157494
23.59642166127939
23.60162702789697
23.600697722276458
23.59711156781677
23.604890769704834
23.599836410463922
23.604625475071277
23.60344970439706
23.589889867836252
23.60538062171253
23.602118279927833
23.60999538343581
23.60578281861132
23.603634580626817
23.59153151938982
23.606936615751223
23.604423988810584
23.6058458098975
23.595310452649052
23.596350077168108
23.59685156351465
23.57339362659113
23.596318286398184
23.592226850407204
23.593409411437676
23.592402128917175
23.601956828475913
23.59242388537473
23.57807372110274
23.603341131868874
23.596549658519226
23.607184558878163
23.610893869034165
23.605978009645895
23.592385740841138
23.587227245730816
23.596832809545806
23.5835241429946
23.613965271074143
23.606425624369354
23.595660875520437
23.585493026791937
23.595597684230952
23.588630759197734
23.60637479426001
23.5959757368278
23.587661718773415
23.59958733073281
23.592282363520862
23.57500780451938
23.58735551858497
23.591239443825334
23.60042241040398
23.596712814877407
23.590135993859956
23.589165175357437
23.577952358119017
23.59987920141586
23.578817769999393
23.579513015649507
23.602046288492733
23.59379549587474
23.583078003905314
23.59685465137062
23.589471568231996
23.58657982038415
23.588611690589534
23.59470384992907
23.587775198699873
23.592328291110064
23.57453335764463
23.584454575463024
23.583083603997974
23.590939673011565
23.588398752919854
23.587804174789078
23.58326795582881
23.58951796899976
23.59670213665194
23.57680018051811
23.592147236894768
23.581700473795156
23.582147712902646
23.579023861214328
23.568689792662326
23.585468328822298
23.586871173985475
23.588787944725407
23.577159313289712
23.58115775018092
23.596262697673513
23.584269713867656
23.593354078814805
23.57561807803181
23.570061527554643
23.58055706707108
23.5866584363191
23.57382535324682
23.580448238441097
23.586129412931555
23.594270462270284
23.58656270790588
23.58393291073382
23.5797584367835
23.59366381320807
23.574977086937945
23.60949133851034
23.57539577191443
23.58258964948337
23.591056282258094
23.57257186421348
23.58240309029894
23.58935756878475
23.578914856971682
23.58371592421666
23.57932501009968
23.57942379953916
23.57576265115567
23.586366494903174
23.572765777178127
23.561020631619428
23.5855079880151
23.578962135802755
23.593275945814675
23.587455232429992
23.589558945287525
23.580884191995995
23.57217791135354
23.57869231670409
23.564584597907103
23.578500367186564
23.579924915147863
23.57410635301829
23.58936356888403
23.579911158822686
23.57507041531146
23.570759561055763
23.57604700464117
23.576219107488843
23.578506055085555
23.58046265575282
23.578852051054426
23.5734430225304
23.584907292709936
23.57913263130676
23.588406757930354
23.561912563450807
23.591651284786135
23.581412373906208
23.565876209522454
23.585538208027327
23.59069713241304
23.58766183340946
