0.6547912025939785
0.6492126469648731
0.6461560020672535
0.6431467805775174
0.639917687220369
0.6378358911796784
0.6359594375638724
0.6338626630818776
0.6320922476163828
0.6300469665518191
0.6272394093884464
0.6243710006496042
0.621058732843216
0.6173880097390136
0.6131400044957416
0.6088492958994149
0.6045758923848165
0.5993840186853708
0.5942568346543413
0.5894955600291891
0.5845810425678126
0.5793032956786897
0.5739921110795998
0.5678985102277342
0.5634972777834933
0.5580055230104687
0.5528145017947285
0.5478875839359396
0.5436683256543758
0.5380317080653941
0.5348517176285815
0.5304116559997248
0.5256511971726299
0.5215831995391723
0.5184458712507957
0.5142517879233479
0.5114380941509972
0.5083473124186808
0.5051223804610552
0.5030541890565966
0.49865143680831825
0.49593625260101093
0.4954915224971942
0.4915281805142484
0.491535789907093
0.486885803026491
0.486377323772079
0.484821508976411
0.48411026263343776
0.4798394790728429
0.47813192845077296
0.47711515685952177
0.4742551842562602
0.47528702419153485
0.47209852110172645
0.4708110476562173
0.46993483596327057
0.469354299593643
0.46800967351183703
0.46918605497763544
0.4662867576856302
0.46384831557499623
0.4652388828043288
0.46157444108775697
0.4626038088031251
0.46148621238963544
0.45966812464875134
0.4599088662264062
0.4586881629488671
0.45729777666901594
0.4582139849662781
0.45622042090329923
0.4548848566723724
0.45501061253874103
0.4533532978591443
0.4536246336848783
0.45335531177539057
0.45230720520629686
0.45173544210267996
0.4516452669487195
0.4507935937405853
0.4502070374734419
0.4508027487165716
0.45097908570227985
0.44967162654862064
0.4467583524631676
0.4485432376140062
0.448202544347796
0.44807853196495556
0.4479101201279836
0.4471135885572098
0.44580835660756285
0.4458529298037043
0.4463866271998588
0.44243575168281357
0.44427574634246925
0.4447668441693446
0.4432787888529052
0.44146009745768683
0.4413144793635519
0.4426359809215299
0.44327076047334774
0.44166169384695825
0.4408243286136779
0.44281697614560583
0.44149618738367247
0.4397274528416166
0.4378224488107043
0.4412663704641187
0.44058314402440535
0.4388072632362807
0.43764695595718694
0.44048648656978107
0.4401116797692182
0.44035679767395697
0.43761867252360226
0.436048365676548
0.43754423063150677
0.4369379683556804
0.4367107009933457
0.4362422925153758
0.4368890986866625
0.43550586010200126
0.4354040249181114
0.4354230688690605
0.4352551623177849
0.43391379096228877
0.43573110304196067
0.43516658775637107
0.43468564355975914
0.4337422025180824
0.43299448000111035
0.4353559050358646
0.4330530461407745
0.4315294035336793
0.4334170553482883
0.4324417656534235
0.43322980253267807
0.4325200963005071
0.4340119511175064
0.43284624736810906
0.43052252330081403
0.43256868567896894
0.4342840385032783
0.43009893806866933
0.4318029712158674
0.4290455929453527
0.4307927511970889
0.43048145913269303
0.4318100037059186
0.42954623007042164
0.4306270472719665
0.4312696368817862
0.42920073996502395
0.42902831873372055
0.43140578836259824
0.4291426151209128
0.4291069102035603
0.42803982958455006
0.4272866786594049
0.4272010818514699
0.4260686954587069
0.42770454785187734
0.427797473666764
0.42689229516516264
0.42740399907661875
0.42859027188173565
0.4251591309056554
0.42574383470009936
0.4264678992831547
0.4267466582896537
0.4254756039598395
0.426429710514791
0.4259851247129422
0.4259730394803326
0.42618316124054534
0.4234438205062771
0.4252838882321512
0.4269548193697585
0.426321515709791
0.4279449161092059
0.42480376707920264
0.4255687763922808
0.42561690298624705
0.42462560631720897
0.4240082516284303
0.4239099985959815
0.4252649645582652
0.42659495670827474
0.42265840899616347
0.42536783935317457
0.4230233718017241
0.4252783115559942
0.42271205384381977
0.4242136940808153
0.42187209861139724
0.42150171138274695
0.4254478141045769
0.4239080997323349
0.42320432160728955
