5.5487637888981
5.548516003809445
5.548407061010008
5.548304289331515
5.548201708631948
5.548115083519953
5.548199772605969
5.548004869154761
5.547885212010477
5.547773061009149
5.5479597120962305
5.54746649346135
5.547303357798551
5.547148073017025
5.546979178088793
5.546794343437053
5.546609777864248
5.546582024294218
5.546529458717742
5.546091809458864
5.5462857580154425
5.546036576278989
5.545859496713981
5.545654575106279
5.545491217956738
5.545425639576585
5.5453733162321655
5.545206305466626
5.5451794622498145
5.5446893169722795
5.544563676025039
5.544412413393925
5.544163987030986
5.544352773055005
5.5439619063110746
5.543603493171248
5.54326327306219
5.543118135180141
5.5429809506856245
5.542919133308982
5.542800733086701
5.542727556429989
5.542437146431501
5.542152903282863
5.542093785237747
5.541791987891999
5.541498943238555
5.541371105118432
5.541232478214393
5.540922315015445
5.540982971264625
5.54053000769246
5.540297780979618
5.540256032254249
5.540312940923358
5.539694371775641
5.539595073106879
5.539578727019268
5.538896878560384
5.538988115233789
5.538763628963927
5.538628993092328
5.538322390155463
5.537823613606732
5.53829403985256
5.537766474908693
5.5373764422484415
5.5373804113152545
5.536818659923356
5.536849485630419
5.53698713262342
5.53666972564873
5.536401318497027
5.536379000809585
5.53537827611961
5.535558243554445
5.535116179204491
5.535334753669841
5.535000386180133
5.534961592441785
5.534256941831348
5.534371826332956
5.53379703590066
5.533664832112122
5.532864822612233
5.533073249567951
5.533319130358754
5.532597378897346
5.533071746752953
5.532512452460525
5.532187618663199
5.5318897665881686
5.531414141200401
5.530953747144664
5.531180912610894
5.530904406854455
5.5302724917577155
5.53016537393581
5.529794946208034
5.52959665333851
5.529399291567518
5.52912096388433
5.529299374810412
5.528866978387229
5.5285503835305905
5.5279286135028585
5.528019858108296
5.527517035002901
5.527643394714278
5.527477378503527
5.526784253135676
5.526501545750477
5.526218793823867
5.526029689908409
5.526111262315981
5.525989064480812
5.525590473157965
5.525222382939022
5.524969973475676
5.524823299830187
5.52497862488203
5.524126629454161
5.52420430052227
5.523665389721773
5.523696727349982
5.523554281477583
5.5229024716241195
5.522724020427721
5.522668659115021
5.522348077497037
5.521909682627145
5.521879680020948
5.521574274820924
5.52099061027522
5.521293727389072
5.520682674756968
5.520025075130255
5.520250683477577
5.519990084496204
5.519270857251461
5.519435019197177
5.51895149960704
5.518946778217494
5.518515127405324
5.517785121139165
5.518589003911327
5.517929713541472
5.517709020003247
5.5175500578096255
5.517679177258004
5.516345678196454
5.516889951050625
5.517009853477746
5.515929504609306
5.516215066305735
5.515564178398459
5.515013738694438
5.515020095913058
5.514560477976149
5.514840429285285
5.514500138398096
5.514497966241623
5.513808445067109
5.513506164477563
5.513129189772554
5.513124278014239
5.51286135189669
5.512692538119247
5.51280531880189
5.51168620792323
5.511681105185989
5.511360472925031
5.511109239232899
5.511378675108145
5.51020766860464
5.511277365974333
5.509846160751997
5.510257464681614
5.5092998011632375
5.509759119513396
5.5092369019794525
5.508888915190694
5.508598925589905
5.508357512973778
5.508129963109071
5.508236823445014
5.507787479930251
5.507288865072942
5.507421146961488
5.507107106219174
5.506886954499755
5.506008377612133
5.506276892151347
5.506379538747796
5.506278430355411
5.505341501779001
5.5050768001065835
5.5050615291143945
5.504731596850922
5.504795590655131
5.505025024682531
5.50363777268032
5.503546346248302
5.503761167032018
5.50304193917712
5.503015027622801
5.502353097106582
5.502881507116942
5.501415225838669
5.501839710975105
5.501455167891197
5.50146519458988
5.501004181835641
5.500782459573874
5.499640132857681
5.499652002838584
5.499712699968237
5.499124187120473
5.498851331319095
5.4981417067143985
5.498172831398054
5.498261905677488
5.497493945858224
5.4974188667341295
5.497153121084261
5.496396633423984
5.496102707094667
5.495902036445994
5.495861327426981
5.495447263760362
5.493961278704291
5.494133296412531
5.4932837098817835
5.492994702632657
5.493121961714439
5.492297242714363
5.491967823592349
5.491128094746986
5.490868584284474
5.490633540479937
5.489549941918977
5.489988507022479
5.488877944433757
5.488199791081502
5.48824847301305
5.48756478554304
5.487416505355982
5.486649450398529
5.486008738678232
5.485354654772192
5.485905560025479
5.484805559852683
5.485016744714933
5.484898846041141
5.483613876372061
5.483207295052302
5.483034244349425
5.48256204071826
5.482784052194118
5.481888192018788
5.481398137044388
5.481653218992383
5.480839573109066
5.480037751444928
5.480531871280682
5.47952790483022
5.480098152038614
5.478625015044014
5.479159017747134
5.477522659057695
5.478013344933723
5.47767192281673
5.477036144820376
5.477326113675851
5.476471171192991
5.476405914975372
5.475304640796195
5.475803309957415
5.474803897713669
5.474285979341103
5.473768197643551
5.473764157798606
5.47344395874863
5.472235425191283
5.470944670630203
5.471597182163427
5.471275605380497
5.471207907317314
5.470258338132579
5.469613090510255
5.469837200313673
5.468952447423856
5.468075222032465
5.468167935894303
5.468204470833982
5.466836275233722
5.4675088053854015
5.466934656837546
5.466201599789825
5.466059081918981
5.466178423002296
5.465067794516692
5.464594682362777
5.46500349502417
5.464346646499878
5.4638237022697655
5.46346674679337
5.4633471372412785
5.463766727703775
5.462587138741579
5.462363210154586
5.4623848310435195
5.462033971638841
5.461440254767888
5.461864448249607
5.461330985534824
5.46089798017564
5.460362184833275
5.45896514958475
5.4590651767801495
5.457737977582525
5.457762225804539
5.457205401424864
5.45707651139526
5.456536064831324
5.455828719770611
5.455535606169502
5.4553228763914685
5.454578091529266
5.454397112455264
5.453271464972029
5.452518228224585
5.452223185309217
5.452188402128311
5.451031804466125
5.451121282669038
5.4494991320794925
5.449398493507468
5.448524547096101
5.448264372783521
5.447463399846814
5.447486411281983
5.445881758145011
5.445006520642886
5.444911900652729
5.444133723155856
5.444062342799327
5.443135241400486
5.4423603648492636
5.4427065559479955
5.441582641308687
5.4411734235035025
5.440616326383956
5.439778883794295
5.438603370676266
5.439624184762829
5.437762300097172
5.437709724148038
5.436655399056481
5.4358806841966825
5.43576193008374
5.434829517274199
5.434178656823957
5.434303685174259
5.43436856736606
5.432635012606513
5.431817235354804
5.431071455327655
5.431152766588324
5.429282383055391
5.4290993129757075
5.428930314931058
5.428364027637133
5.4265472402346875
5.426382391863119
5.426221815806051
5.426869568120037
5.424875017167358
5.425121802819973
5.424545795735989
5.423992596905123
5.422882413223472
5.422763122783131
5.4221117778687775
5.421994531452084
5.420080346627946
5.419574818089461
5.419791982483574
5.418046146497769
5.417811781797208
5.416993213172761
5.417199472243101
5.416777138517823
5.416298436111773
5.416056454829962
5.414529542318919
5.4147631461545584
5.414278861428405
5.413845786511402
5.412423022191493
5.412560600846986
5.411186464154713
5.409825917473986
5.4099929611879665
5.410311651931538
5.408246842089633
5.407692940968851
5.407265238478179
5.406302060977206
5.406009412925364
5.40524363380476
5.404753467781911
5.405028657431185
5.403984642760996
5.404353662858159
5.403132582656558
5.402601134067762
5.403352668479094
5.402834279676012
5.4019875797947785
5.401915540469433
5.400999138161531
5.40119232219225
5.400424446574557
5.4003967759857865
5.3995874378060345
5.398288206953462
5.397727159071792
5.397830642802702
5.396658759504576
5.395611904556753
5.395458758983258
5.395489102666834
5.393752658817148
5.394388558234607
5.3930757965556495
5.392917620853514
5.39254011104142
5.390743588150425
5.39108245676325
5.390780815617518
5.390694349146163
5.390121870596136
5.3892629016917715
5.389688376501746
5.387878377088277
5.3881421635262265
5.386125539558787
5.386138799475769
5.386058396127693
5.38560603600012
5.38340794483363
5.3827372787094845
5.382681113210765
5.381530426742934
5.380884869161204
5.380665251328559
5.379722786803926
5.378482778943355
5.378367580821402
5.37742190443394
5.376500753889615
5.376335730403185
5.3757318885983825
5.375789963276205
5.374769082072448
5.375443692246996
5.37523409867241
5.3748625866968665
5.372988297553377
5.3732192368364
5.373940682609494
5.371917676407026
5.370440844915955
5.3700813926799285
5.369830236477648
5.36951995063728
5.3682638535649065
5.367546353062528
5.366971023252051
5.366503971780788
5.366550114241763
5.366092531786313
5.365015791992461
5.365069434494829
5.363899753860991
5.363264742220966
5.361775575199725
5.361874338151245
5.3615188958625035
5.359619958234458
5.358342542300527
5.3581845435437225
5.358006503592678
5.35675276172367
5.356202743027505
5.356151942023084
5.354333211882939
5.353915720968313
5.353968514743251
5.354782659124275
5.352894213134023
5.353255075441289
5.351310460291379
5.350424076453738
5.350925537080087
5.3496634970852295
5.349191421586889
5.348564827663351
5.34784968541512
5.347887568190093
5.347709415360131
5.346638499508282
5.3452814813615115
5.3454122647061535
5.345441652884944
5.343673522397637
5.343248561339277
5.3420372302152375
5.341826540799913
5.341517884687057
5.339098302508041
5.338318676500083
5.337586905051712
5.336749175078428
5.336938124624339
5.33425507939022
5.334420913774389
5.334074431631096
5.333959147477104
5.3329420907331135
5.332410158900519
5.331665633354748
5.33026915456878
5.330884863303703
5.329586176100405
5.329167049356706
5.329291183828011
5.327587681097322
5.327090246282323
5.326713583977346
5.324991475140065
5.324340931971105
5.323810948367616
5.323238079317548
5.321449863094591
5.320772289390832
5.320274573293773
5.318696892116593
5.31870445927518
5.316612391310171
5.316454245505696
5.316090268960612
5.315798245708834
5.314348002389235
5.313300597080419
5.312761176189245
5.311921907401741
5.310661908379748
5.309569916508553
5.308674437680919
5.307271355783337
5.307056115212077
5.305378115794938
5.304982469696611
5.304301186852629
5.303757560153993
5.302567137866468
5.303031794474205
5.301038617593542
5.30043855997819
5.3003483172494175
5.2992132611558445
5.298728561523398
5.29728505432949
5.297400115776428
5.296355140720204
5.2941104104255
5.293061762228274
5.292249716174808
5.292037973019532
5.290707826156763
5.289330167032096
5.288952900672371
5.287218498405705
5.2864999270789985
5.28627078897741
5.284787644198974
5.284021530102555
5.284221932892607
5.2831576140508085
5.282834762041186
5.282164161203767
5.279753016876397
5.2796729485041345
5.2781010125587935
5.27811651724085
5.276701036356842
5.275672850361713
5.276779417036743
5.275950730800323
5.274687932381169
5.273728539679802
5.27396805593011
5.272722117960338
5.271319158704175
5.269993752145798
5.269142344908613
5.267851263303751
5.267531984369494
5.266269753395711
5.265638166563067
5.265132259727668
5.263832690848499
5.263441129746684
5.262382296210134
5.260847329635767
5.260571684809884
5.258608110883033
5.257777946848024
5.257268074606751
5.2563200503377985
5.254940078110551
5.254694748901055
5.255300222263837
5.254257020321856
5.2538426851356785
5.252466771058066
5.251482075174421
5.251720466296488
5.2494058877477565
5.2476257103342165
5.247956098994611
5.2464579230154165
5.244909308464651
5.243867916246294
5.244755385552014
5.242772549600534
5.243792137883065
5.242402708843131
5.240850052616952
5.239988674205309
5.239556273511031
5.238731897418803
5.236512467255595
5.235116092806357
5.234288592103652
5.233804659437691
5.232849614100051
5.232292180784375
5.233818142061728
5.231553681142347
5.2304232939648765
5.230373464329305
5.2305265708527955
5.229845680339323
5.229694129714429
5.229104715665792
5.227782997502323
5.227253054779307
5.227769890124418
5.225916347515866
5.227519527125343
5.2250250238527185
5.225710392303369
5.224164744332595
5.223391789163601
5.2232893744265505
5.221503553677277
5.220838568108401
5.219286349364297
5.217716836349672
5.217192896344459
5.216209931474272
5.2167293361876155
5.216848272127138
5.214667458146791
5.213945372319725
5.214669874365789
5.211997116977255
5.210840699921338
5.2108434029138015
5.210372544677305
5.209892043530445
5.208068914163288
5.207746613124816
5.207413191987548
5.20574234543286
5.205076956550662
5.2033760372218
5.202168578759875
5.201085861264629
5.199556613075222
5.1987265265300655
5.198393539213936
5.198122784180742
5.196857317548033
5.195315735658925
5.194156076232363
5.193755825284346
5.193932528993066
5.192104292007417
5.19144375935931
5.1914741866343
5.188933808149166
5.188881800865715
5.18738722053767
5.187623516993117
5.184528869462944
5.186615016471096
5.184891689761815
5.184253105046424
5.1836704259031645
5.182057387998145
5.182058810882666
5.179344729437557
5.1785278100656225
5.177380556947363
5.176560722248568
5.174191123464515
5.173376905864733
5.17323319147736
5.1727804396294355
5.17189725667181
5.169440582480403
5.168472705555511
5.168905384481068
5.166553827409018
5.16538358421106
5.164341982098931
5.163940627378145
5.162933716923475
5.160723961398759
5.160135954370578
5.1595742713161865
5.158320559954994
5.156391172476175
5.155110915044295
5.1549786081393405
5.154246901977695
5.152948960385411
5.15313937308616
5.153016167272762
5.150882886909782
5.148970128631103
5.149909696133565
5.149617986502132
5.147977566612278
5.146919607429724
5.14611425418085
5.145310922989995
5.1455057696966655
5.144277260231804
5.144743444670947
5.143820877953821
5.143137232584596
5.142620395409016
5.141508432511557
5.141523574150607
5.140823150092947
5.139950223252778
5.139734607435386
5.137888964520611
5.137638628368414
5.136642662897677
5.134182981855963
5.134719060310856
5.1329500743844
5.1322435237472055
5.132414265618595
5.132656656925448
5.130515846623417
5.12972586382221
5.129226181191354
5.129476046913035
5.128046414673672
5.126845780199945
5.1256667147518655
5.124741177793809
5.123841145369615
5.123190461864703
5.121278875696301
5.12022560190407
5.11997207951561
5.117783743528243
5.1162835424402475
5.116812218478759
5.114656059694687
5.11330219788652
5.113266856412588
5.112693683504677
5.111683836367675
5.111452699394007
5.10960494533839
5.109613834705707
5.10747759203383
5.106108308524866
5.106395725096485
5.105333894472128
5.103921513182188
5.103295186507115
5.101836336322572
5.101733095433875
5.101313238333069
5.1008736133880515
5.099477700216985
5.100104274005365
5.099235237521844
5.09956168640293
5.0982577744311275
5.0980652957411055
5.096558313986009
5.096188310927027
5.095857179096244
5.095229904848417
5.0956498376086055
5.09391103245399
5.092877386170019
5.093388538519236
5.092967112096395
5.090586150371334
5.091513817385078
5.0904742904145674
5.088476414720141
5.088226299444529
5.087994298489522
5.086440314563207
5.086156910379499
5.083793640136719
5.083433438018584
5.082312059799068
5.0803011981478425
5.07972568895141
5.077272033813437
5.075634236375414
5.0750922741831985
5.072585744119499
5.070998296170226
5.070413706627551
5.067661184724599
5.067489462942171
5.066398097701509
5.065668163433795
5.065559252972642
5.062525039594751
5.062551460583395
5.060961900272967
5.059780623618411
5.058605818891861
5.059201928185715
5.056921739267067
5.0562576292725
5.055670134775622
5.0551316681689205
5.053927738851106
5.053620076682884
5.053508401603479
5.052987985861126
5.051695413644391
5.050149193957153
5.049821831672068
5.048555656037724
5.048650046609109
5.046738068110197
5.045584615193646
5.044508265899834
5.043235758063279
5.041846618847594
5.040493556344196
5.039821451471466
5.037658258805425
5.0376873297029325
5.035673930411604
5.034614860134406
5.033774741399158
5.032500094964728
5.031852220009323
5.03177933317686
5.030234070214719
5.02995079843493
5.029824092154768
5.02832758800387
5.027456452582634
5.026918915243997
5.026387699124757
5.025278783347923
5.024255168643886
5.024198081809134
5.0226443608601885
5.020469167639793
5.020840547821572
5.0184109139274655
5.017726664503492
5.015740485505575
5.0155507091978615
5.013169737100144
5.012714075416765
5.011387937280968
5.009680808391315
5.009018235380498
5.00699664230005
5.00529994708334
5.004876728021252
5.003821255225671
5.002746328206224
5.00194776721742
5.00051640701538
4.999439750812943
4.998816388277236
4.9995372342666755
4.997775302967503
4.997008008828776
4.9956184559271115
4.995184944138188
4.9976603946698
4.994649128660664
4.9941555439319965
4.993321544454408
4.9927673864578175
4.993102363493682
4.991822494121217
4.991176523463664
4.990714412428062
4.9900114653740495
4.988546480067784
4.987837519923312
4.986783621941174
4.984034275291672
4.9838586241025915
4.983797504134614
4.981302311995513
4.979287019389147
4.978626016920679
4.977379296730515
4.978143101995447
4.97760020016251
4.975543513331593
4.974702478141565
4.973657971685388
4.972821109354381
4.971076827436705
4.971718772893065
4.970040119388358
4.9700490746525565
4.968354336817296
4.967454629606417
4.967443209920872
4.9652100231734435
4.963166717070459
4.962884578350943
4.960236399889145
4.9591039705184965
4.957717730155452
4.954965754952556
4.9551096078454115
4.953254597200771
4.95248127410752
4.951654583082242
4.949735077084903
4.950179377047587
4.948038889518245
4.945954073871166
4.944703639049371
4.943144994138985
4.943305967407812
4.942021360171581
4.940690497595457
4.939583869904794
4.940586960780949
4.938806700996306
4.938050360993857
4.937139147455237
4.936406457111459
4.9359756251290605
4.9349675871055245
4.93463527584259
4.934003815922459
4.933662374890621
4.932110494173115
4.930809647016471
4.929945810285044
4.929716821671753
4.929140428358823
4.928306864532842
4.927999592254502
4.927445065113344
4.9263304425445185
4.924139788573321
4.923502299698667
4.923366082912062
4.922484306974893
4.921317832712477
4.920689577943457
4.918942971330229
4.918664629003289
4.917648818808646
4.9167628767241744
4.915871128392235
4.91602901610059
4.915212755697474
4.915425873534922
4.915579396185017
4.91219731316838
4.911809104875502
4.911953721073905
4.910168523904382
4.9103414757619355
4.909790374038316
4.907045181943145
4.906422985416151
4.906316682763078
4.905148803920831
4.904127433371712
4.902928636688799
4.903343691859425
4.900988697776867
4.900609763249784
4.900584126922158
4.89885469071772
4.897132342089008
4.897104742278369
4.8947703983260515
4.893754492947022
4.8931938233622665
4.892043483463222
4.891761750497653
4.890408990021631
4.8896190841001195
4.8883898473289324
4.887800348468568
4.886688528347687
4.886854473780304
4.8854272089474335
4.884273370412093
4.884990133845646
4.884102929957921
4.882086145519371
4.881211077030546
4.88106934199025
4.879261315822296
4.877987543131706
4.878142928589023
4.877091756175133
4.875080151963676
4.873923330374124
4.874621624376098
4.874640675896799
4.872580783914772
4.872460545901679
4.872178980729096
4.871600728269883
4.8708734969946335
4.869471809304226
4.8676713954464255
4.867230903469288
4.865449288527476
4.864432331238964
4.864080001357573
4.863311848728914
4.863086170213617
4.861272296917721
4.8607470768045635
4.860492115057362
4.859161664336749
4.858369821779101
4.859540071688778
4.856678309230109
4.855441390590949
4.854967941020592
4.855292655837436
4.852615357055469
4.852554886903964
4.851913205645287
4.8505297848145625
4.849896502967683
4.84940222083035
4.849042243249738
4.848839017876585
4.847459848615045
4.846050092217561
4.8455159461277075
4.844652741518222
4.844341027301928
4.8445555979215555
4.843296245665254
4.842749071517818
4.8427775706988605
4.841425188519752
4.840858665095333
4.840001261241911
4.839791158796959
4.8384345817932015
4.837567937122426
4.837227335055517
4.835241464186538
4.834444390758824
4.833798620842698
4.831839131302202
4.8307790139967715
4.828671709208327
4.827554079179038
4.826886363160663
4.825652985868741
4.824702943202706
4.824134807135154
4.822913308976479
4.823027603456933
4.821877314811018
4.821462036933338
4.8201598352296795
4.819697972527697
4.818223027029788
4.8178528061450026
4.819858477196477
4.817388024455221
4.817026757614321
4.814590692672681
4.813782425927414
4.812940224118517
4.812755678070713
4.812733623360642
4.81172091031944
4.810016462456623
4.809783764092951
4.8087971010653545
4.808900805672849
4.808133703123204
4.806918147276856
4.805965712798076
4.8045920080964715
4.803243481495101
4.802335612223229
4.801544483548468
4.800015262205938
4.799652732341471
4.7995370766022845
4.798900680517586
4.797576905517188
4.796345212866844
4.793732187950832
4.792820598555923
4.79111918316998
4.789513168774273
4.788336444495965
4.7872291254982
4.7862785794532074
4.7841170836318705
4.783555830127523
4.784477686012546
4.781784319984402
4.781292095904311
4.779908266879013
4.780864581951939
4.779709264397697
4.779294588744297
4.778176724414984
4.777255640377696
4.7761568385518975
4.775134898726939
4.773364197040931
4.773439834458052
4.772043483194753
4.773068548240344
4.771777358637814
4.770588259779331
4.771727245889713
4.769862721687849
4.769056817467824
4.767720002206715
4.767837104626519
4.767325118193623
4.765059700549145
4.763263970861356
4.762954695439842
4.762862564277283
4.7604450993406715
4.759692169501853
4.759196195401065
4.759790612731465
4.758192083733401
4.757219240136125
4.7571693195872635
4.757535791061509
4.755261887973193
4.7546837776804
4.753212719488357
4.753773047385579
4.753037267820392
4.752266929001665
4.7508335412501985
4.749940301086074
4.74849721673049
4.74777363235952
4.747114666592823
4.746405071275629
4.744701394040235
4.744200870003826
4.743016494365357
4.74219787631825
4.740792042005543
4.739806381464767
4.7390972144773045
4.7388749400240755
4.738578333888234
4.737889914045865
4.737487341453079
4.737236696561788
4.736653384686432
4.7360902372568905
4.7365991143332185
4.735165766852068
4.7348493410087285
4.735259544826515
4.7335127777421775
4.73246296658702
4.732487134878558
4.731717727158364
4.730075788589448
4.729362457285153
4.729754518715144
4.729759212037499
4.729009304302896
4.728252865455125
4.727276968025505
4.726580965160484
4.726028245302324
4.725429824126201
4.725832710949488
4.7252238774558935
4.724285892698907
4.723261653194806
4.723916770095483
4.723188935985797
4.722882517316139
4.720850139722867
4.7218199435213934
4.720746416200527
4.719929960547391
4.719608026212862
4.719192337699983
4.718343756096682
4.718115330047509
4.717168411381795
4.71532516272039
4.715247791849186
4.7155076818289245
4.715448793812738
4.715013737718188
4.71490735818542
4.714136367719751
4.7151885780095295
4.714945967656561
4.713824665096427
4.714115418612919
4.71423254299835
4.714766138727209
4.713278454385807
4.712167583057992
4.712761922288383
4.7124991169817845
4.710752386506826
4.709932978307293
4.710129117935191
4.709699931544367
4.708618995705554
4.708152519001537
4.707680805325889
4.7074553190098305
4.705959632468391
4.705896538644743
4.705663430866185
4.7053202746849525
4.7049667263214054
4.704933151249999
4.70467571531895
4.703022202084786
4.70309259703887
4.702441312529991
4.701937618121381
4.701136612236233
4.702465241640253
4.70216835788329
4.700946035403437
4.700185821518559
4.7004997335178915
4.700864758921676
4.701138484195799
4.701369734658542
4.70056602089968
4.70009257682073
4.699472082019692
4.699539656831298
4.699903914048286
4.698892472572839
4.699023150360439
4.699010168674735
4.697836736799888
4.697505714797241
4.697878651487774
4.6974226810653015
4.696883966735137
4.696885907642367
4.696783215284195
4.696088299717723
4.695565040036797
4.695157414129432
4.695739978563305
4.6953527379783395
4.69424934289582
4.695229956223579
4.695668594545839
4.69552498388504
4.694406663158805
4.6940406114721025
4.695390294929841
4.694895844389365
4.694042703087941
4.694594412527249
4.693963869672056
4.69381615326943
4.694538910878597
4.694400104588602
4.693791211299689
4.694663732996066
4.694021378734977
4.6943473065425705
4.6937143059777515
4.693809011389793
4.694910723661202
4.693906991510763
4.693572209114763
4.694034153577691
4.694585773324021
4.693635061316511
4.693860872845884
4.694528903704916
4.6936239424380295
4.694690269914409
4.693951413941093
4.69425536757925
4.693966833201266
4.694171356376897
4.694101346431447
4.694514461915156
4.693461826956585
4.693933438125971
4.69423741128913
4.694233516051231
4.693679120703836
4.694141638103542
4.69405447117274
4.693963092943071
4.693374083428068
4.694105136112303
4.6932952341481196
4.6933492146770845
4.693895509589275
4.694490021493904
4.6934443966212065
4.692679126370968
4.69307341304103
4.694701886680442
4.693443754126609
4.6930235535078
4.69314763733613
4.693604810376695
4.693153309959368
4.692405152763225
4.693207157474257
4.693703467161017
4.692704658361864
4.693668198295686
4.692793907146003
4.693359529369547
4.6939300438264056
4.693212733692796
4.6927737524626885
4.693306495803179
4.693264193055878
4.692972321122865
4.692945262520876
4.693299392973545
4.69289794367853
4.692731097655195
4.693193045168905
4.692803809982954
4.69286384143207
4.692803988758754
4.693496640645306
4.693788856096322
4.6926786693638896
4.692099919017125
4.6926913966144115
4.693331070458821
4.692514362200971
4.69274846087338
4.692029798633382
4.693157435836353
4.692578091807497
4.691644215232961
4.69212936455061
4.692382775890621
4.692137785928034
4.692425502696559
4.691600204658142
4.691909729023431
4.691976286704466
4.691940360700786
4.692460185201673
4.691859089710433
4.691973235312747
4.692076576877235
4.691559330286769
4.692163712079908
4.691482604960944
4.6933380390540655
4.692129456684213
4.692066215812893
4.691700005485549
4.69168526410904
4.692298485846834
4.6920275611901845
4.691903670781405
4.691778740666268
4.691673200098429
4.692016043269474
4.6921922594633
4.692320679062387
4.691624023330112
4.6917821990322475
4.69145670199501
4.691432412282366
4.691656314022482
4.690979143632045
4.691277023774267
4.691266008622358
4.69190484472215
4.691832289204564
4.691373303389595
4.691852777643381
4.691067600433291
4.691680467060111
4.691123464514793
4.69152074522188
4.691532405309012
4.691349034422266
4.691509410348064
4.6914853738502895
4.690942866788487
4.691603783224915
4.691333776853516
4.691930786127931
4.691401858705019
4.69111660147659
4.690915570225536
4.690566693218717
4.69166476956866
4.691376907582933
4.691561917349534
4.690996579458831
4.690465620215399
4.691359861035875
4.690910995883661
4.690541257022362
4.690837888174612
4.691588842327291
4.691008720349137
4.690410900787139
4.691012581418282
4.690649699493623
4.690933493567215
4.690478176622153
4.690291920916361
4.691991493630241
4.691638628641765
4.690555135027689
4.69028815686207
4.69022532296501
4.6902444001122765
4.68996006238941
4.691143399541834
4.690309851579916
4.690526558356795
4.690526484527881
4.690748034115411
4.690255222454791
4.690848401778033
4.690673747584367
4.690466762428016
4.6910649316095805
4.690255927185332
4.690004420753327
4.690120678106639
4.690481447670144
4.6901238265132115
4.6904566057660375
4.689681735926535
4.6897668594438455
4.690211607261262
4.689910989957823
4.690227401767567
4.69054753675113
4.689932929958507
4.69029116493269
4.689825701088152
4.6903374495600865
4.689891617494902
4.689244458252851
4.689435838051355
4.689838368543355
4.689754866821524
4.690859246696331
4.6893238859609845
4.68952881367025
4.689334428241752
4.68983812448083
4.68981361084082
4.689243289803513
4.6892383054365965
4.689199777726401
4.689478483706503
4.689560611966475
4.689776907497999
4.689416399691551
4.689433788536301
4.689273405288628
4.689375393526415
4.688997883714321
4.689581700188947
4.688988824113393
4.688800890477743
4.689243973178582
4.690231176804673
4.688989811346307
4.689549659660666
4.689354006937506
4.68896634290406
4.689700541554242
4.689330340804615
4.688866658616508
4.688823867744158
4.689019791376721
4.689035379650192
4.689669596866698
4.6890283488190025
4.688202364964891
4.688605030301436
4.688438689487528
4.689006468613638
4.6888402888809955
4.688784847637819
4.688322099599027
4.688412760895029
4.6885983423780955
4.68901827086719
4.688352322471653
4.688480789052776
4.688464577199554
4.687966011764907
4.688253406370899
4.68828726028374
4.688043727374428
4.688435984054439
4.6890442281370355
4.688389646343444
4.68835255128027
4.6884546035844705
4.688381608754339
4.688183496491084
4.6879932704981675
4.688023243206705
4.6882041331978845
4.688846630845707
4.687901751322389
4.688552390896046
4.688117010808495
4.687869645507383
4.688430086893678
4.688915023266773
4.688740243991064
4.687861717136259
4.6882043241768105
4.688050960167356
4.688143124278356
4.68823280078207
4.6881794615273895
4.68874255282255
4.687974162232929
4.688532396073686
4.6877735361256665
4.687722568548573
4.6889683606909855
4.688406755736602
4.687732550095689
4.687828257384395
4.687846817729264
4.688591593439123
4.688453405237472
4.6885956515887575
4.687608112986852
4.687618364833214
4.687594081222134
4.687996457344587
4.688349242402587
4.688168610507528
4.687993487713815
4.687983624537023
4.687720855229647
4.688324314466441
4.687744262656262
4.687410956838538
4.687872651747535
4.68761704506511
4.687727969652251
4.687692234627497
4.68785932593367
4.688101255352193
4.687913244226691
4.687673211173987
4.687226465704803
4.687359162499641
4.687971423241242
4.687737824286853
4.687502089175214
4.688179271768776
4.687184945177894
4.688028744376019
4.687283144344981
4.687305108141762
4.687452681767811
4.687405471533289
4.687912584647718
4.687748824184855
4.68755459190559
4.688363724462664
4.687362328600746
4.687427252283175
4.687376019288085
4.6872962627057
4.6874153231171105
4.6871195528954175
4.687336198046508
4.687121882472218
4.687366555763679
4.687202920993017
4.686987950110847
4.686957789474165
4.687110513429648
4.686952414607209
4.686658327806781
4.687599157112498
4.687097257173603
4.686762233765859
4.686753899030631
4.687039047651236
4.68694124874669
4.687374198581649
4.687103305653128
4.686944644266569
4.687094638992866
4.686838881601833
4.686820157124916
4.687280514571275
4.6867017446995085
4.6869323441254656
4.6868188330857175
4.687135925829907
4.686905973779797
4.68694382177586
4.687291865919312
4.687875737308007
4.686651726525636
4.686943407479724
4.686892436241692
4.686839400844855
4.686919121428018
4.686713852031217
4.687386512146191
4.68633216630932
4.6866977518366
4.686767791679709
4.687365388534653
4.686766672042876
4.6865221293248664
4.686378771878936
4.686486604804041
4.687227469411937
4.68724749840305
4.68709835789559
4.686393753657033
4.687206715555124
4.686810764988797
4.686305301737038
4.686166097014971
4.686161907681729
4.686924481651223
4.686859011268738
4.686889579489836
4.6867466027814455
4.6862876126953825
4.685943257556996
4.686632150880664
4.686214445801172
4.685895416420847
4.686016595905131
4.686391342929443
4.686389047521395
4.686824030397187
4.685786435181562
4.685825783551998
4.6859434100960735
4.6868363531140735
4.685908722099553
4.6862265580141305
4.6860085857730605
4.6855334832892535
4.685690311156094
4.686153874363719
4.686105938653342
4.685989064431999
4.685952475798564
4.685829242528134
4.6860920612581705
4.6857327060369975
4.685935130274913
4.685606861907705
4.685864770709896
4.6858936866277014
4.685535531583994
4.685826940408366
4.685275173614365
4.685443454725347
4.68652558525022
4.685272221678125
4.685365654914255
4.685824405208888
4.685877662092467
4.686771951725448
4.6857089581431595
4.68503004270567
4.685360444179347
4.684693971049382
4.685599048856123
4.685771107444836
4.6855377549935975
4.685199215255024
4.685712526947431
4.685207078339424
4.685314091214444
4.68478804983089
4.685056496642754
4.685240748595215
4.685206691500322
4.684606298909154
4.685060019075146
4.68493557525459
4.684780998864543
4.6846055813653305
4.684911180595061
4.685099369276051
4.685534875665959
4.684868005324233
4.684984135765032
4.6848459713594774
4.684811169263726
4.685200288519979
4.684571989209546
4.684718115544823
4.684580948134683
4.685162691298159
4.685185586193473
4.684588376787787
4.684703782973043
4.685046438826099
4.684481629940919
4.685147465457538
4.685104659331279
4.684594779157974
4.68465882970672
4.684491069059073
4.6841853624418315
4.684709844265851
4.684466762262053
4.684261434290246
4.684337356040208
4.684659071938777
4.684479667678218
4.684478088593681
4.684663864716611
4.684759118659177
4.68448816898612
4.684155819893493
4.68414416834855
4.684347124032614
4.684481240051035
4.684092046355713
4.68436800480194
4.684600083856955
4.684455683043731
4.684605135341066
4.684283766621439
4.684727701710648
4.684008603819043
4.68369656194881
4.6843892595970855
4.684457411006408
4.68412749948825
4.684392947991994
4.683961844490037
4.683883912275025
4.683883651128124
4.684372853103999
4.684358284401726
4.683693524590685
4.68402090518046
4.683877846100966
4.684523116299073
4.683569649435813
4.683421554736274
4.684400637181844
4.684302140258477
4.683790249620121
4.683519545840058
4.683623700132754
4.6839761630282215
4.6836155417327
4.6835366814699375
4.6835637412922395
4.683772455631581
4.683758381766077
4.683900817265819
4.683370944100623
4.6833228851386695
4.6835848612428395
4.683546557460011
4.68315606962315
4.683032974248046
4.683218985891312
4.683283188368979
4.683341135524132
4.683018869874726
4.683252056363448
4.6831576395553425
4.683016506739328
4.683282134629028
4.683192696696432
4.682916172635304
4.68305098118114
4.682582073614373
4.682661488509224
4.683350868127473
4.682969076238377
4.683213791630624
4.682779846020562
4.682360331827605
4.68236784956353
4.682941729032452
4.682838678512525
4.683212632943786
4.683010660221542
4.682770264125831
4.682198169364124
4.682860417161625
4.68268166759879
4.682415579651231
4.682784776083567
4.68348725331722
4.682579428586759
4.682276276693997
4.683205613095411
4.682463295705335
4.682760754839701
4.682980470907513
4.68226146209873
4.682143275431159
4.683268797222194
4.68218947646714
4.6823900482704905
4.682032596737013
4.681904735430951
4.682421830702651
4.6823065355658455
4.68257309272361
4.6820883723458495
4.68217528789225
4.682023366902474
4.682066672746752
4.682314536545571
4.681924084097776
4.682122146328214
4.682185908273024
4.6816418392110615
4.682188274459205
4.682210003345804
4.681852610997488
4.681693382165559
4.6820688021922825
4.681601138124082
4.68236539734531
4.681884268347606
4.6819406101815
4.6814748138017706
4.681776300577956
4.6821651184169895
4.681951201884928
4.6813980695611
4.681479714577272
4.681643315179182
4.6817195725151155
4.681645702720832
4.6815895237986735
4.681132884034726
4.68152725978761
4.6821030978582945
4.682181586535863
4.681899116501469
4.681343655210997
4.681094408187818
4.681030465636739
4.681116664249472
4.6816017122811715
4.6815733241485775
4.681770460771889
4.681451522915011
4.68125749015686
4.680900490139054
4.681598421708179
4.681888227651917
4.681245911220519
4.680880727176093
4.681025037076027
4.681123230751706
4.68108130447085
4.680888008781526
4.680945984614025
4.681215105038458
4.681319751117143
4.681183243285977
4.6811382936805925
4.681368876022173
4.680784702606103
4.6805967616485775
4.680959247581789
4.680484095065165
4.680571119829545
4.680646239834113
4.681393755755971
4.68099671545047
4.680718179703979
4.680933442240866
4.681160359983633
4.680594785352281
4.680371128895003
4.680339038333905
4.68057091725765
4.680253257678246
4.680799728925611
4.680274433153071
4.680284391514247
4.680386366938752
4.680739979978868
4.680173104494257
4.6800301454804
4.679931411816383
4.680218201147312
4.679938140010041
4.6803918418713435
4.680673734087709
4.6798768034365725
4.6809617492226705
4.680296018652937
4.679659176543975
4.68008678079948
4.680274426441351
4.680444434294698
4.680134141132455
4.679959413109875
4.679790490724609
4.680329345390725
4.679801436318698
4.679784227470061
4.679971909721311
4.679926443923686
4.679695698670371
4.679833427424318
4.679651066956425
4.679860497619277
4.679794061359349
4.679668342312101
4.679972352084637
4.679452256674349
4.679693251943558
4.679813320333197
4.679509065277822
4.679927691083189
4.68021480135634
4.679833135159444
4.679695609587549
4.679480153631111
4.679372282876315
4.679943953579386
4.679643481493149
4.679559132874355
4.679802371078169
4.679695034210146
4.679352153819567
4.679426542856872
4.679501036841063
4.6791383800640824
4.679276647586054
4.679070999282183
4.679193982388527
4.679504495207041
4.679673489590753
4.678954490544471
4.679240085189341
4.679225349914395
4.679146811204008
4.679074515613012
4.6794956143819135
4.6793884379850015
4.679203107276179
4.679034398445622
4.679274854336652
4.679072135393237
4.678902467396957
4.679784994436546
4.6790253498275085
4.678961522595972
4.678986199147718
4.6793565579278305
4.679349005412995
4.679228995598361
4.679115707875823
4.679064209462737
4.678697301726729
4.679213215735809
4.679062803052437
4.679042749655071
4.678965641761238
4.679210263799568
4.679174196239625
4.678848154332801
4.679011920287071
4.6792331965245735
4.678978750359455
4.678679757902276
4.678779544696088
4.6785481148473895
4.678882748975406
4.678743090297043
4.678564246159979
4.678701436756058
4.6786510421157415
4.679197937421744
4.6791076910320335
4.678316336599437
4.678515263421369
4.678471272981708
4.6787806783665165
4.678479514363021
4.678451363581232
4.678518450877946
4.67841348568751
4.678188091505055
4.678491735183804
4.678305881571022
4.678142836821514
4.67824922489647
4.678103153475263
4.678173840084064
4.67798095625025
4.678661908999667
4.678896196210377
4.67807577454121
4.67830246347536
4.678216546144687
4.677953068445832
4.678142594589458
4.6779170979007425
4.678063148576635
4.678344354977305
4.678121642431844
4.678278912662011
4.678208586045434
4.678054286056196
4.678014008417697
4.678325255254256
4.677749717380477
4.677931852090534
4.678481172157722
4.678406710511816
4.678024946689911
4.678302273716747
4.6779216234301115
4.678195490260499
4.67785553862022
4.678323486411106
4.678071031186036
4.678009811152424
4.678428465635138
4.677893863758519
4.677676295440928
4.677773113214123
4.677987066355563
4.67821621299934
4.678336692024177
4.678325656126954
4.677323815461084
4.677436458248399
4.6776158295605175
4.678136029307535
4.67790749465054
4.677617163362216
4.677518548068524
4.677871765117194
4.677417331678472
4.677843062754098
4.677713741954137
4.67762944519863
4.677268609128086
4.677440598769136
4.677143830331715
4.677338919270443
4.677539289112055
4.677577513574563
4.67745341998373
4.677713784665079
4.677547661066818
4.677234467831622
4.677369945718932
4.677157491731553
4.677301815665081
4.676889442131448
4.677200550462524
4.677099150415422
4.6769346650868595
4.677095161213451
4.677407190270403
4.6772169587860795
4.677400923965074
4.677118302611914
4.677325833858165
4.676964911755582
4.677808710343549
4.67709798745749
4.677340486151853
4.677365019927022
4.6768429213735585
4.676908737104517
4.676817448567825
4.6771116836362365
4.677549580618577
4.676887891724258
4.676971203687477
4.676991521282526
4.67691546285755
4.677061676445178
4.677124424310198
4.6768981771292175
4.677031740956175
4.677267790908472
4.6770873353485864
4.676830541912135
4.677093145256994
4.677193572714934
4.676702154041176
4.677027591283094
4.676698382054852
4.676557592756842
4.676729361521305
4.676899088702748
4.677065087218965
4.676971716828935
4.677291818864057
4.676842121458633
4.676484244646206
4.6765020001948985
4.676972862092334
4.67660912045743
4.676561574636937
4.676593414423791
4.676370244261094
4.676638999812052
4.676258073734764
4.676441869290303
4.676264222890081
4.6766372492735915
4.676382263730294
4.676801147631782
4.676533329280919
4.676284748548433
4.676309582520507
4.676767950857288
4.676850657545445
4.676857309469564
4.676334869838722
4.676297400749728
4.676089297176857
4.676303120355002
4.676514865340748
4.6768299433487925
4.677236457551357
4.6762457729835045
4.6761917454725035
4.6762982665615365
4.675954628966973
4.676960625407487
4.676314397874125
4.676547753986302
4.6764876419965535
4.676440641655803
4.675969401461455
4.67646584416229
4.676288568737106
4.676454325631423
4.675922925855133
4.676122507984945
4.6763772763125955
4.676054303492023
4.6756896106234285
4.676472745030184
4.676099741222457
4.6764103504456696
4.675726573892839
4.67589072851668
4.676536009087443
4.675740524506767
4.676228525084864
4.676005199942463
4.6758225411081344
4.675841665847593
4.675820328681345
4.676078904994542
4.676140340413333
4.676722231844794
4.675573305067769
4.675735511462504
4.675832265779443
4.6758403314357375
4.67586011575417
4.675844914929956
4.675781838800842
4.6760552278788365
4.675810355066262
4.675629166708646
4.675585072542411
4.676130415610754
4.676055465229642
4.676414904652386
4.6760543815920315
4.6757467481011545
4.675942101237565
4.675521405781986
4.67540143623767
4.676182253880906
4.675747629777026
4.675839106852019
4.676059486769898
4.6754369802834965
4.67534730255947
4.675424833291628
4.676308253600059
4.675728318939893
4.675536318612419
4.675538542632178
4.675284261819421
4.675695226502128
4.675500690365021
4.675465284824677
4.675398386066264
4.675609888819952
4.675188968216694
4.675232242943
4.675377820137595
4.675441073212041
4.6753428709941725
4.675468316081237
4.675360844978825
4.675421522583476
4.675446227812569
4.675692047587741
4.674978447814668
4.675077529267782
4.6757142353118875
4.675243118369114
4.67496099246288
4.675437359800723
4.675063227203818
4.67523057172486
4.675001564806879
4.675270432016442
4.674903698174982
4.675156831283716
4.674899444165172
4.675013721561249
4.675347657060287
4.675096862070544
4.6747050794819875
4.674660746134479
4.675543077924049
4.67473774847127
4.675124762078088
4.67479300727771
4.674947337164608
4.675257730392485
4.675243740728553
4.674655605567547
4.675078623888207
4.6749658096469675
4.674975340898725
4.674611150188776
4.674764724092001
4.674495623192571
4.674874998862669
4.675010249161675
4.674673275084199
4.674573618253683
4.674772715919382
4.674522534136733
4.674225076222679
4.674718280213808
4.6747099027676375
4.674397462465332
4.674749590384983
4.674637006782829
4.674800960055087
4.6743880855831215
4.6740114190070505
4.674438892689105
4.674141284066443
4.674402940448704
4.674341509301008
4.674308510827316
4.6742950782360975
4.674454663399314
4.674127658665829
4.674090007140098
4.673919565465614
4.674194763046919
4.674059661015897
4.674017003767779
4.673824623312923
4.6742052455323675
4.674135530292416
4.673775305598498
4.674169390916977
4.674374952578652
4.673854556971457
4.674001495424784
4.673695394036408
4.674333076940769
4.67382730433976
4.673784304183794
4.673965617013298
4.673487744419832
4.673714098378167
4.674024664280282
4.673899663387013
4.67407631950354
4.674015824945783
4.673875702548622
4.67390651910334
4.674375272910716
4.673609419961198
4.6736908977945415
4.674081949415835
4.674028829207271
4.67348805437924
4.673599944233666
4.673758518978029
4.673860490131439
4.673376501331098
4.673978080676293
4.6738301580408335
4.673911275881952
4.6738748818883815
4.673656401387103
4.673728451085106
4.673492470690629
4.673340671121959
4.6739546763004585
4.674190837301205
4.673703982596662
4.673792775594037
4.673807001998618
4.673524157328249
4.673605541807676
4.673418424561172
4.673602948643349
4.673437661569391
4.673840391582506
4.673604829145103
4.673421312430999
4.673650512158375
4.673671242829248
4.673219127374358
4.67312156704093
4.673199102044181
4.673154725375575
4.673152973616802
4.673450322312876
4.673451930074759
4.673413667172404
4.672946879288666
4.67347938710882
4.673117480824105
4.6729249295254816
4.672994693577938
4.6730756210502875
4.673298023636343
4.673458454476208
4.673172744511795
4.673069273594169
4.673346909970255
4.673123072296552
4.672799287968084
4.6736308950227725
4.673119741453243
4.672903328161551
4.673172807968052
4.67322944877854
4.672811341606038
4.672746079897011
4.672642046415264
4.672901989478601
4.6730345068874835
4.673067989825287
4.672976707390158
4.672754280397851
4.672696051960639
4.673343851866817
4.6728607148446875
4.672899639766642
4.672666773609984
4.672639873648635
4.672894368016102
4.672710417480859
4.672598487356116
4.672848178573091
4.672347615486677
4.67287089713323
4.6725993989296475
4.672387246969642
4.672453644179566
4.672757833948214
4.67254459468966
4.672309751016393
4.672168318003473
4.672404339278423
4.672246500382573
4.6727198285318226
4.672434498694793
4.672193463765423
4.672409963089155
4.672485039772624
4.672370979592195
4.672472866544034
4.672586891945554
4.672420368694908
4.6720850109215055
4.672317374919518
4.672245597961386
4.672082487314997
4.672346090706053
4.6722160499216425
4.671945210686877
4.672188530651637
4.671912289703037
4.671865816537341
4.6722382821872
4.672268643565309
4.672178695542036
4.672162758869311
4.671710707480833
4.672194542521783
4.672174044930622
4.671768452064089
4.67196981646049
4.67167603961947
4.671528884560652
4.671832855283184
4.67170234040732
4.671855640350361
4.671581318343365
4.671864738391137
4.671647455016543
4.6714377278177235
4.671442003183005
4.671553099834225
4.671517740055604
4.671688732701239
4.671982970210275
4.671705042789628
4.671502222560265
4.671530383714711
4.671614221022515
4.671630529890591
4.671427939690158
4.671563418187625
4.6715843129905466
4.671574244801234
4.671170132173915
4.671200909068473
4.6712498393336395
4.671635295821548
4.671474735628544
4.671578509793858
4.671410316545385
4.671244723783116
4.671466150729228
4.671207066155822
4.67099745854764
4.671175150709585
4.671210605062435
4.671324587142856
4.671394160216387
4.671293405714663
4.6714511622394115
4.671278913281929
4.670804386175526
4.670798645824938
4.670681454932469
4.6712416943570245
4.671061817225324
4.670952366775835
4.6710919961666955
4.671047642684028
4.671284969083331
4.6708708364690485
4.670781413790361
4.670578217704709
4.670802120665138
4.6708995125954225
4.670979972688037
4.671004619342123
4.670919044919298
4.67084240257473
4.670740291695525
4.670767061083422
4.670898375874213
4.670760818574189
4.670473380036943
4.670505380294907
4.6709010660533945
4.670711561875395
4.670840313399517
4.670687025659602
4.670494069827343
4.671181881954024
4.67055095225973
4.670456954629011
4.670389940551055
4.670558172239375
4.670643689307507
4.670841038265216
4.67115093238523
4.67060212728997
4.670319310686791
4.670558734803496
4.670836825135878
4.6701693318245585
4.669984317176707
4.670207969973046
4.670173416210914
4.670198740748663
4.670488389272074
4.670361157647326
4.670432420853842
4.6702267280085605
4.6704463232654225
4.670276482594906
4.670049115777092
4.669835971092766
4.670186562638823
4.670446365976364
4.670311359129727
4.669954021085323
4.670277212341856
4.669890888821827
4.670041742038055
4.670152135179047
4.669867209265496
4.66977827593217
4.669801903015059
4.66987100931901
4.670062467217521
4.669946590601749
4.669910176473021
4.6698355153060005
4.669873751361479
4.669972838306
4.669621255866091
4.669862634313465
4.66981510191641
4.66969145312953
4.669784038248386
4.669986950001195
4.67001324651795
4.669516028308442
4.669889906470164
4.669692214604607
4.669638878400709
4.669746008425741
4.669846636625108
4.670043034959281
4.669562319647556
4.669395942834425
4.669470569222536
4.6696497611486985
4.669852102405355
4.670032915516839
4.669443333675216
4.66933916107783
4.669153344074427
4.669337586874544
4.669396948372029
4.669358687910298
4.669509682682792
4.669476535941116
4.669394869569472
4.6692536037393815
4.6693364708986485
4.669115076290821
4.669390313532287
4.669600870543691
4.669320795372824
4.668945953774284
4.669027230256044
4.669371703764757
4.669432270320958
4.669326059191333
4.669081645216305
4.669223579167557
4.669412514679872
4.6689944026261205
4.668945347889066
4.6692106517857646
4.669370759242785
4.669204033420243
4.668823854784438
4.669363857764734
4.668971728607392
4.668490187754177
4.669027708618594
4.669086883408247
4.668626946969743
4.668773223403472
4.669005132835032
4.668886237775982
4.6688066679014275
4.669033063350392
4.669206638787697
4.66901466225632
4.668462757566993
4.6685553384147545
4.668580098557914
4.66882811855675
4.668702514218888
4.669023463761127
4.668471680492907
4.668516690503766
4.66916420973804
4.66852631327897
4.66882992034834
4.669037393019585
4.668569539802927
4.668625209244565
4.668737100319304
4.668502298746823
4.668314876422162
4.668477478808343
4.668546873716231
4.668530084655137
4.668405904422109
4.668337693217468
4.668414391086259
4.668541736810236
4.6685736528666295
4.668622235342698
4.668337769487007
4.668145810650162
4.668221569488389
4.668035538320121
4.668450766775139
4.668912569071647
4.668244750547013
4.668549080041457
4.668022101457807
4.66823429185766
4.668818709946411
4.66835515589113
4.66830199358178
4.668114244213336
4.668430084306616
4.6687672609559865
4.6684856500216805
4.668357871086721
4.668001400684593
4.668292938862103
