6.8919052571591815
6.2196163728718865
5.926293343839133
5.796106241548153
5.69767047316217
5.614406224711777
5.5662485473905985
5.529738469501895
5.491608095900787
5.442357055366497
5.39646532895315
5.389990276692774
5.341711544929563
5.334630046659114
5.304213376301329
5.24969644253821
5.2124483164618995
5.190978179502365
5.169821092234853
5.161354144820777
5.134247608501893
5.148210600513936
5.107239870768984
5.120846255051205
5.11358543917956
5.115862151241059
5.1234877463191975
5.086563850607713
5.069842730031904
5.0778941821564185
5.072215127822993
5.0938869845836665
5.053389909627188
5.044695476741742
5.045212459686162
5.031466919442882
5.010871147560646
5.011114486952877
4.986046819735671
4.972622396391066
4.993709494085873
4.997609956794992
4.983775550447157
4.979732079883975
4.984649585640949
4.979648015078376
4.979686979137723
4.967287384945413
4.9684131602801935
4.980516884942799
4.958231065584266
4.949302551386606
4.939402883924791
4.96301959420714
4.956028949879014
4.953578919096066
4.926973082525346
4.900639274845952
4.888805168059171
4.921727454265975
4.853527235557966
4.841255873975242
4.847118386832039
4.898811000692265
4.83256464358181
4.864901890840067
4.8364798053146325
4.827065316002692
4.820605611557241
4.834534596299272
4.8272567923416565
4.823658591950946
4.813988653290302
4.817206035184738
4.801229775104376
4.801510511456853
4.821143600337036
4.79550059677085
4.797711083956082
4.777600832912318
4.790799739110805
4.804827102919674
4.805517326535472
4.802015582009044
4.788051904010041
4.7938340795619405
4.787834045527231
4.78905639441117
4.784067089295449
4.811076147781918
4.787956935365487
4.8058032867548715
4.800616950939988
4.767559877137089
4.786685156395368
4.793765655259037
4.772669131188747
4.791987392298706
4.7683780522602595
4.7882299819565795
4.8053862219271455
4.793524734199504
4.77765823447186
4.769859196889736
4.757672058651819
4.771997077385787
4.78068530772958
4.786560573236412
4.766471479250037
4.755373262688327
4.769979151313567
4.766468761522142
4.786006096988688
4.794839402903682
4.757265602536214
4.776040754659706
4.76868509575534
4.763403494949536
4.756117307316616
4.77553563837505
4.744862990611044
4.754369171074284
4.740381579874726
4.740901815921754
4.73403528401309
4.712830495346537
4.7288343211269135
4.734640568418576
4.723603555308584
4.713103188273242
4.734215327845815
4.7071638601210415
4.700374370950567
4.698601421492789
4.722247014570114
4.714096802884661
4.742649338129536
4.7323669521400085
4.715531897361931
4.706389346086156
4.717829644527582
4.701899558381961
4.7002153841735765
4.6943538323082885
4.712711581793587
4.741767282071321
4.716672323548885
4.7120662619695635
4.698155783021542
4.702846206362595
4.698542594909668
4.7139167938086075
4.68819987255594
4.710961911989295
4.683401570600622
4.696024050797953
4.7141606789415755
4.689001485819706
4.673715809117192
4.645483698686371
4.659384393935923
4.664794632236061
4.669077402490484
4.656609087648904
4.663109017150177
4.668843473619817
4.664421734602555
4.657365503823361
4.651002492441241
4.634774703198992
4.643704806447334
4.640157059330464
4.649695802527621
4.627491634520118
4.631150604818788
4.61716042943013
4.622263990704666
4.6456719280203895
4.63059557917173
4.6271622235817675
4.627171760934698
4.63803459677245
4.667873427081291
4.605710329607015
4.646275011169941
4.656998191648127
4.630243304440432
4.611255139036252
4.596865211911214
4.6046741020953865
4.596721772952458
4.605514242825911
4.606645542032578
4.596444708002193
4.598436654376252
4.575037069637757
4.581373761072183
4.5997941640331925
4.608099035594774
4.600011244454347
4.581052333802519
4.581527867280614
4.581301756831996
4.5920631257469395
4.583396844546813
4.578233259108365
4.5813789001816065
4.566454505066737
4.589300048930566
4.58971802718804
4.580165179489214
4.569876490346611
4.566864384409716
4.622683041540863
4.56880422138497
4.573873912586885
4.57883990939011
4.5774528669274375
4.570509608749234
4.588998061006941
4.566026828478059
4.580412690291929
4.569726576890482
4.556682554352314
4.562632332677427
4.568105432993311
4.551994754835163
4.567925214767456
4.58372466338565
4.5632879270617
4.566187459794457
4.584945684808599
4.557350989192953
4.561993351982682
4.567758724817534
4.555915362389801
4.5729441167143605
4.56844079951801
4.55447032750415
4.565288954683582
4.565406369431244
4.560767414014967
4.583872789617085
4.555422643871259
4.574447475126028
4.547582748296011
4.547698939242936
4.57445201788412
4.556492723162521
4.554920977643689
4.551900561203432
4.55801545201665
4.568307218649198
4.573352452739121
4.568695297631462
4.54428998588601
4.5420857000229
4.562134250655504
4.55146772477328
4.5771413770173215
4.55342879929506
4.5653522106082844
4.541704638229916
4.547541855546215
4.549504264846178
4.532175159820206
4.542730599718021
4.552746923378361
4.5528816902424065
4.549280826392991
4.546966022847559
4.540080421720929
4.536343297690077
4.5540554358831145
4.551534385022605
4.558123864176328
4.5514068048628396
4.574840514556222
4.556310168312638
4.530519428765378
4.526769572206775
4.543778999382273
4.519818363897026
4.516929717929772
4.522684740593366
4.495499279188073
4.509586983629505
4.5102439073040665
4.496308104156533
4.51291149168673
4.508727502944829
4.503045605271674
4.496531006015475
4.504494300583744
4.497346785367298
4.521853408545179
4.509034145213759
4.508583390804203
4.511846960048237
4.506869345369851
4.4997078939472015
4.512056779373637
4.520110307142253
4.4939772515650604
4.495570536464681
4.501700295816602
4.507858351368428
4.523752672288119
4.49676008175706
4.5001209349278595
4.499545419307621
4.489792103047871
4.478959144533747
4.4853075245762115
4.505056537325729
4.485337636050056
4.525132575608276
4.494570450404721
4.521200395910941
4.474600479121098
4.498853492614863
4.489029330670681
4.495979919457985
4.494338288636464
4.492938746576724
4.497853150453104
4.493070045700463
4.501774287894559
4.489484388200219
4.489675732829687
4.486577248024513
4.488833809142832
4.478785896545176
4.477650856422951
4.498931346342082
4.492278335649339
4.505686809949558
4.512042681579395
4.489450792522382
4.5057735839463255
4.520477877248584
4.502323025022931
4.492655787016729
4.481774069159232
4.4916494654877415
4.481510298941141
4.456336805582656
4.461716163493788
4.439380681728158
4.433885863979759
4.453434719149109
4.444287920851842
4.443176890273229
4.45494828748581
4.450291759827557
4.431719783626859
4.466503276849342
4.4435062481619205
4.448730752901043
4.428410494114127
4.4405325678608305
4.441381981915526
4.434482772636901
4.438173692854469
4.448996393272029
4.430280765304175
4.43225295952214
4.438582525228905
4.439135506329939
4.425524987223203
4.436990879380795
4.435391135837721
4.445759092145564
4.452617682459409
4.430835009230982
4.427096866890597
4.43898250806667
4.436788882745806
4.419696373707803
4.425420889159298
4.42850707010235
4.4456220953665735
4.433104484587374
4.438133748291094
4.425126836123064
4.416629604061546
4.410431594799851
4.422083893700329
4.433487508607947
4.428408686767149
4.430734511836411
4.444741751531811
4.441723393052436
4.444417022988009
4.42624285397932
4.421210550591159
4.455475948655697
4.424610750144705
4.4193674524117
4.4255161303693376
4.4467391236054015
4.435363206717059
4.434895812398028
4.44776409605275
4.437478691720597
4.419384513059845
4.424353575767459
4.420241618705223
4.430636507166011
4.420646471745523
4.4421836037160185
4.419818985492677
4.438654363002923
4.426749551997466
4.441308328867568
4.446813955941163
4.420190871524079
4.423523489471592
4.449483365963792
4.447232743968135
4.444467089670089
4.444398488534991
4.427170521158087
4.430089912146253
4.416757631179927
4.4330900075185635
4.424802821005701
4.446617454519052
4.435994373867883
4.409440442424296
4.425265526222756
4.415412835757751
4.419513345679359
4.419141560869144
4.408233912094779
4.404009936715636
4.416187062592763
4.415868326221281
4.4317018546716636
4.426356946720796
4.4014977061230205
4.411878957772804
4.424405977244267
4.4117915160820615
4.407430498191463
4.405334436070278
4.414772047106262
4.422558795460654
4.435050214343058
4.42532779371647
4.3860942890576995
4.383128074733802
4.387257265008015
4.384761013338328
