0.693621001484603
0.693517359532535
0.6933919026999616
0.6933306775562899
0.6934066627625083
0.6932946438600219
0.6932952590119892
0.6932675605848365
0.6932828611314716
0.6932267705675736
0.6932395075805967
0.6931709710101019
0.6932272309305114
0.6932066861285053
0.6932199056989019
0.6931931672383026
0.6932103957263461
0.6931549426613903
0.6931854290452739
0.6931516627661326
0.6931133590214388
0.6931655339453362
0.6931454878317113
0.6931179826715705
0.6931555204794183
0.6930966334166011
0.693140548235014
0.6931256887169885
0.6931470808735736
0.6931498339369903
0.693111368615278
0.6931251466693744
0.6930866654454633
0.6931239450046517
0.6931181716674882
0.6931277947477705
0.6930992617030519
0.6930853841553418
0.6930668711357214
0.6930932900650869
0.6930713359926728
0.6930935480849375
0.6930873621677025
0.6930961844178247
0.693081257096179
0.6931027161792845
0.6930633326104567
0.6931101417053379
0.6930842139136693
0.6930902050766362
0.6931103506076054
0.6930490083901911
0.6930851388725041
0.6930609715343361
0.6931012216776666
0.6930805120190519
0.693092682959556
0.6930751559906714
0.6930716650957338
0.6931009703314007
0.6930952463024942
0.6930751505373993
0.6930437414446322
0.6930495259552831
0.6930869824979371
0.6930505186414688
0.6930949650204342
0.693068659732682
0.6930097719071694
0.6930812795575582
0.6930518065289054
0.6930740740309903
0.6930530938061856
0.6930799306926252
0.6930459911672259
0.6930213720464432
0.6930353913029569
0.6930799583784678
0.6930532648024922
0.6930630928190259
0.6930546150021422
0.6930548845386932
0.6930673037746817
0.6930491557810754
0.6930242999577781
0.6930235435927593
0.6930491776704331
0.693049148726143
0.6930478632411969
0.6930525022977755
0.6930424720525589
0.6930021628384703
0.6930510957349361
0.6930328951534825
0.6930367648029511
0.6930455659264109
0.6930156766567487
0.6930164158229865
0.6930022316335945
0.6930492701472492
0.6930498298512615
0.6930086421646221
0.6930292116016893
0.6930149989256246
0.6930148981735634
0.6930542369340371
0.6930361001139181
0.6930363650361621
0.6930179968523964
0.6930380015516616
0.6930268928551628
0.6930302492106335
0.693019184788602
0.6930152958429401
0.6930211404921226
0.6930314957981146
0.6930320301806401
0.6929981327178916
0.6930171468665184
0.6930148143914748
0.6930061706502089
0.693029154399535
0.6930260435175758
0.6930081220445005
0.6929995555261428
0.6930324047403463
0.6930148135143751
0.6930479177739173
0.6930015566863086
0.6930004686631992
0.6929994937478161
0.6930131625076631
0.693007227936694
0.6930226835011674
0.6929743994296703
0.6930246930509825
0.6929908683493743
0.6930048531701911
0.6930156556063559
0.693014424844804
0.6929945723032692
0.692977814016934
0.6929282129230365
0.692978106891964
0.6930052595342953
0.6929913343562579
0.6929940071459848
0.6929923546901515
0.693009222957162
0.6930015686224915
0.6929900240455769
0.692976721951539
0.6930023731517243
0.6929741188340361
0.6930084008478005
0.6929694820274089
0.6929825087884108
0.692996729663451
0.6929578975615255
0.692992417154904
0.6929819570545653
0.6930010265748774
0.6929844059550602
0.69297942795665
0.6929548768301614
0.6929935350756727
0.6929482623162516
0.6929884843161224
0.6929363958437474
0.6929768978672308
0.6929646292635819
0.6929570068477136
0.6929410532050154
0.6929976686558812
0.6929818686581696
0.692947116252023
0.6929825258727876
0.6929365253494248
0.6929803928044539
0.6929693686908739
0.6929837392067497
0.692975865825963
0.6929835868964802
0.6929598470109438
0.692935486520168
0.6929422627636354
0.6929567269766399
0.6929570439528443
0.6929670335463965
0.692937278015371
0.6929621423808566
0.6929456063439582
0.6929523279784355
0.6929637764175962
0.6929844443567731
0.6929749368248426
0.6929685766698456
0.6929340993679264
0.6929270287240383
0.6929571105742867
0.6929295331487576
0.6929552338478737
0.6929524158790793
0.6929480917394275
0.6929383917413151
0.6929595709152124
0.6929227375709621
0.6929874013649372
0.6928299170461741
0.6929509114242867
0.692950702712693
0.692948082892161
0.6929488141263668
0.692903396035339
0.6929432226539192
0.6929131414519619
0.6929628388361525
0.6929208262181785
0.6929378287195778
0.6929246131914667
0.692945830576403
0.6929222460900525
0.6929316671323258
0.6929383176835927
0.6929417053858439
0.6929146194030898
0.6929128327510026
0.6929211013605407
0.6929289151366826
0.692894947048341
0.6929307967824808
0.6929320664414975
0.6929145880181745
0.6929046293137856
0.6929157365230284
0.6929105017250803
0.692938974860076
0.6929261158539253
0.6929115890617639
0.6929006368322245
0.6929119870362187
0.6928980999929509
0.6928879727710155
0.6928647358068196
0.6928314230644924
0.692922251467055
0.6928664148807221
0.6928897118309104
0.6928414582290943
0.6929180775021256
0.6928876444306499
0.6928845084178775
0.6928905459908591
0.6928941069775031
0.6927898642502759
0.6928231085406917
0.6928834817154775
0.6928839483706523
0.6928616779703249
0.6928863805299833
0.6928478847385902
0.692854980093809
0.6928862200207384
0.6928935544809621
0.6928320051536145
0.692873350374987
0.6928656109997804
0.6928609341135105
0.6928574707518765
0.6928482275320335
0.6928754941210561
0.6928608704284454
0.6928503840151157
0.6928502663693517
0.6928672972811543
0.6928170528918295
0.6928344955066039
0.692854730730551
0.6928353705470255
0.6928307454477727
0.6928462108891512
0.6928509694982322
0.6928213060626752
0.6928525705483962
0.6928390860557556
0.6928536110555829
0.6928010730886794
0.6928511178806205
0.6927910354834524
0.6928020504828225
0.6928111665994787
0.6928257846481436
0.6927869835116508
0.6927893442826933
0.6928393925830331
0.6928286704968277
0.6927710977869772
0.6928302374545077
0.6927824976424414
0.6927820820497231
0.6928279415125734
0.6928164155072916
0.692838323856117
0.6928058891668583
0.6927886775343829
0.6927498555763059
0.6928136125635963
0.6927686533101156
0.6927906340005988
0.692757239954943
0.692802066804504
0.6927874548574022
0.6927683415583746
0.6927888160780006
0.6927991238680697
0.6927490952834058
0.692787265594541
0.6927915227314027
0.6927614615501995
0.6927291714679867
0.692798559931098
0.69277011612174
0.6927435814152142
0.692764289586573
0.6927572618824354
0.6927689074783545
0.6927451562286567
0.692727313236937
0.6927798920080438
0.6927413690646947
0.6927651090265007
0.692764079616532
0.6927343301108001
0.6927299170790006
0.6927074604665936
0.6927069821040446
0.6927458522644702
0.6927117008622915
0.69270123210536
0.6927120315288781
0.6927004233813027
0.6926867672821991
0.69270196761066
0.6927022046182526
0.6927165074830474
0.6926928864254528
0.692683964834256
0.6927108831765632
0.6926633190895148
0.6927016721043309
0.6927430942053987
0.6927058925936791
0.6926843744779503
0.6926633992869352
0.6926750568190372
0.6926415122554459
0.6926855119237211
0.6926806196522728
0.6926478179921268
0.6926886166278475
0.6926779422482389
0.6926490520332688
0.6926484949224208
0.6926905669925004
0.6926466034759868
0.692631223952244
0.6926329898971514
0.6925669566836025
0.6926712654602505
0.692552083093847
0.6925703305429323
0.6926024170236106
0.6926783701966225
0.6926655923031265
0.6926997048841099
0.6925772005979327
0.6926117558473207
0.6926214243842483
0.6926459826419389
0.6926123803041718
0.6926139727740126
0.6926311172892936
0.6926479793784714
0.6926169079690886
0.6925588775275994
0.6925623460374272
0.6925761507095928
0.6926162048402079
0.6925552004205822
0.6925681811529173
0.692606367099308
0.6925988115336905
0.6925844367848553
0.6925612448196875
0.6925589868599836
0.6926362474072993
0.6924962294994069
0.6925537647990485
0.6925864528175812
0.6926262812284957
0.6925621004113767
0.6925688813835554
0.692526761950092
0.6925555467605591
0.6925725111271888
0.6925959441803696
0.6925475347598852
0.6925317865873253
0.6924808485646776
0.6925283365347259
0.6924684150281505
0.6924856058009069
0.692551041328213
0.6925603501017248
0.6924445481919662
0.6925235859339465
0.6925008855259579
0.6924978154482021
0.6925014200228876
0.6925212591028488
0.6924781628472638
0.6925017823413329
0.6924399844515575
0.6925148417075627
0.6925011053729042
0.6924625231299886
0.6924953910302292
0.6924822869319147
0.6924348462871154
0.6924569303609588
0.6924044036056777
0.6925420931952166
0.6925147548365578
0.6924688693657947
0.6924588044179378
0.6924662230415979
0.6924096653267732
0.6924757403360294
0.6924713891206914
0.692402369992823
0.692449703974672
0.6924425373074342
0.6924585952105922
0.6924616147216436
0.6924218711605914
0.6923935891189258
0.6924530659740885
0.6924142911505867
0.6924137355651294
0.6924999854309927
0.6924044772439177
0.6924500653397481
0.6923576302049409
0.6924289937059008
0.6924310995841438
0.6923402077634595
0.6923663737448987
0.6924155302255183
0.6924701362409732
0.6924308511361204
0.6924034764350261
0.6924470621885127
0.6924374275152605
0.6923861386527331
0.6923230998956921
0.6924290602892085
0.6923611020324937
0.6924346384907561
0.6923549094798087
0.6924436903503257
0.6924022967740655
0.6923610146276019
0.6922942092231048
0.6923876540522047
0.6923655866051208
0.6924264529006113
0.6923476350055775
0.6924082228791157
0.6923672627045112
0.6923871348854523
0.6922561524391785
0.6923721821660501
0.6923705771498702
0.6923642043341297
0.6923277120291234
0.6923331518777273
0.6923160345144022
0.6924204599834449
0.6923729907757032
0.6922709353444519
0.6923708149964277
0.6923717801874445
0.6923133557756513
0.6923717329384651
0.6923317877970212
0.6924041282726418
0.6923302319365591
0.6924002210604252
0.692209202093111
0.6923343724191608
0.692343826409875
0.6922767326302507
0.6923291047871761
0.6923150748147922
0.6923067757355732
0.6922942295108021
0.6923200178054839
0.6922049976966355
0.692316686809635
0.6921395618261165
0.6922349373423283
0.692152933973726
0.6922960150188463
0.6923416282454897
0.692334806736051
0.6921593527037291
0.6922482201783076
0.6922067853402267
0.6922342134681331
0.6922847140849743
0.692294265929507
0.6922718123297469
0.692249260723629
0.692300145738947
0.6922372432755722
0.6922703010488304
0.6922105047387034
0.692188461697872
0.6922517115689971
0.6922902455714294
0.6922077492727962
0.6922105645721567
0.6921821903968879
0.6923376767969406
0.6921858367672808
0.6921382607440497
0.6922474430298393
0.6921535855062635
0.6922282893460909
0.6922779173250009
0.6921631200376109
0.6922159292189951
0.6921426496746749
0.6922259181261216
0.6922866549159347
0.692133005849078
0.6921125428461525
0.6922298910064112
0.6920905169659674
0.6922545434951172
0.6921816090323265
0.6921117261137935
0.6922696410503741
0.6921709167293761
0.692196283558585
0.6921580622231281
0.6921411228347725
0.6921915835245099
0.6921158504272529
0.6922363927176727
0.6921739185840292
0.6920901114026934
0.692115387928768
0.6921246941091156
0.6921548903636725
0.6919617784076674
0.6922265142869736
0.6920819342403326
0.6922172703044353
0.6920511981118435
0.6920886770014724
0.6920661820636219
0.692116585741879
0.6921087495424926
0.6921215304867702
0.6920611328675971
0.6920209361129439
0.6921279167640843
0.6920359875251296
0.6920142580283734
0.692137877489616
0.6920596708568029
0.6921155290274154
0.6921238425215772
0.692042926909141
0.6920962576216333
0.6919667838249768
0.6919900026370224
0.6919691242320524
0.6920512402888985
0.691924954673379
0.6920829722306244
0.6919525695853865
0.6920135972672217
0.6920521784423638
0.6920107629004764
0.6919878459251316
0.6920419714806252
0.6919909583706163
0.6920325564636455
0.6919828365036713
0.6919794956690519
0.6919729536874738
0.6919364105106849
0.6920405768921035
0.6920319433709557
0.6920014945116855
0.6919371442999203
0.6919988799918865
0.6919972318452822
0.6918900698633127
0.6918926307656257
0.6919963529913836
0.6919705077996257
0.6919842007750513
0.6920219889757958
0.6919212073602512
0.6918720337189853
0.6920288785557982
0.6920526193184343
0.6919434721547674
0.6918448649456466
0.692079157838437
0.6919965073990654
0.6919741611105467
0.691914380778888
0.691965080001609
0.6919852753747219
0.6919332065036186
0.6919423054596284
0.6919048175320591
0.6918871389774657
0.6918874376871155
0.6918724479388519
0.6918869185966325
0.6918083878564133
0.6919153597746914
0.6918730836073252
0.691860409669211
0.6918073507432212
0.691864942253513
0.6918466538476853
0.6918976160096421
0.6918848375822593
0.6919160534080144
0.691906123571646
0.6917898766291272
0.6919641149249964
0.691795159286211
0.6919469204913021
0.6919008045721268
0.6917561407815319
0.6918140319548428
0.6918505192260596
0.6919104418385433
0.6918347156436796
0.6918727373436179
0.6918411073742657
0.6918454712884822
0.6917961104436327
0.6917025681039269
0.6918895767044732
0.6918289368913788
0.6918742158286326
0.6917398121215103
0.6918950607512749
0.6918444665135746
0.6918386780369076
0.6918666858133108
0.6918434623106885
0.6916986999798492
0.6917590923364241
0.6919637346069399
0.6918546244339995
0.6917551829505256
0.691860756314266
0.6916879904018483
0.691774310168744
0.6918212803830265
0.6917304891618642
0.6917183852241502
0.6916767005651941
0.6917092152611994
0.6917764896470923
0.6918447243427513
0.6917678917438193
0.6916610501320486
0.691643488079176
0.6917567913607001
0.6918170127209684
0.6917462032038053
0.6917728740133235
0.6918039847396538
0.6917443255240232
0.6917009166777325
0.69176531863838
0.6917885370309431
0.6917388584471938
0.6917011423592986
0.6917535532992846
0.6917922944116501
0.6917716911109075
0.6916192400097008
0.691677715712759
0.6916916300986565
0.6916506677503702
0.691707174326469
0.691629142083957
0.6915900838809828
0.6916651816148447
0.6916935228798073
0.6917230508225283
0.6917669364297078
0.6917244669953295
0.6916453553481661
0.6917243669678291
0.6916178614377823
0.6915750666756852
0.6917090854123091
0.6916721642818194
0.6916725981410924
0.6916039288997345
0.6915639949317781
0.6916211158208793
0.6915508908715984
0.6917566786724562
0.6915876193452324
0.6917316185230639
0.691615908823178
0.6916356166051277
0.6916796865557832
0.6916669074801093
0.6915599191638803
0.6915515093031558
0.6916694014940366
0.6916548533464042
0.6916851741872533
0.691753815475825
0.6916654838328932
0.6916039842714199
0.6915547982363539
0.6916257220434212
0.6915736487486847
0.6916107329434488
0.6916209705655421
0.691742979023446
0.6915639304458828
0.6916441015913481
0.6917103395504747
0.6915212441772051
0.6916764658838225
0.6917184922684482
0.6916198251496045
0.6915267010720509
0.6915964128798731
0.6915954672901278
0.6915275478164736
0.6915379828241339
0.6915489963743828
0.691581787433063
0.6916463029209193
0.691601664266446
0.691557650183228
0.6914975119948921
0.6915731340818351
0.6914454729451786
0.691478694316598
0.6916659737884121
0.6914277923694423
0.6916269889948693
0.6914108951200069
0.6915189204350238
0.6915986011292182
0.6914040417680356
0.6915515272264975
0.6914867086434928
0.6915307693273992
0.6914444719837479
0.6914282650499106
0.6914244001672882
0.69152462879054
0.6914474386400087
0.6914187004683647
0.6914656698055475
0.6916563762584255
0.69159377505973
0.69158246798616
0.6914732603407486
0.6915736391387227
0.691426296266164
0.6914874795759937
0.69151329029392
0.6915063367237743
0.6915925815558479
0.6914508223381092
0.6915950313715773
0.6915095138458281
0.6913247900899984
0.6914224327945282
0.6916189492320831
0.6913808568959349
0.6914975132152047
0.6913896435281823
0.6913964686222894
0.6914861377278583
0.6913763883017762
0.6914571100751787
0.6914040911906969
0.6913216816105296
0.6914489295950931
0.6913959647094449
0.6913888432700437
0.691517817577489
0.6914719892326106
0.6915085520869406
0.6914178852613966
0.6914216542350735
0.6913873896870335
0.6914436864074957
0.69152464534103
0.6914642455863098
0.6914270944268903
0.6913569815938319
0.691380132640392
0.6915077604853946
0.6914030957969426
0.6913273931693664
0.6913881710684612
0.691471651778035
0.6913866113563875
0.6913353091848256
0.6914911151542469
0.691365296537115
0.6913818154896366
0.6914297091373631
0.6912449647124883
0.6912285801850293
0.6912048755360198
0.6913875399380255
0.6913650585380183
0.6912052319054411
0.6913226520260098
0.6913413706683075
0.6913552457753924
0.6913233708664155
0.6913754128906411
0.6913319294527411
0.691319405918158
0.6914752212305978
0.6913287980161412
0.691350701178638
0.6912556582357513
0.6913394179011642
0.6912125209852891
0.6914101876437626
0.691275787445039
0.6913636361111148
0.6913553377183217
0.6912894491880884
0.6914198914934867
0.6912779131533622
0.6912512965333515
0.6913090458453197
0.6912627916113353
0.6911240616290141
0.6913356824098149
0.6914964452891188
0.6912969027050626
0.6912706125568139
0.691308714873655
0.6911703148714945
0.6913856353732308
0.6913321486132616
0.6913136319708382
0.6913109133049836
0.6913057178621176
0.6912922716949205
0.6912763151539798
0.6912773912790412
0.6912845378873902
0.6911318481769305
0.6911346171425461
0.6913895067006293
0.6911577067539926
0.6913545079438715
0.6912224017422091
0.6912235919665008
0.6911835777629893
0.6913579427044283
0.6913012296285526
0.6913184608622994
0.6911918051107069
0.6911958395023797
0.6913901144544512
0.6912495048856094
0.6912177182967588
0.6911693504813079
0.6912017627091874
0.6911415214807043
0.6911641758981608
0.6912559523310939
0.6911900383268346
0.6912066270278496
0.6910906734561127
0.6912828141958074
0.6911673428763659
0.6913000155700298
0.6911676614542307
0.6911993802013263
0.6911273731761305
0.6911560812975761
0.6911481162408034
0.6910990856430581
0.6911336757094907
0.6912773801436884
0.6910503126838157
0.6912852000595283
0.6912003539726662
0.6910792466012317
0.6911550629085558
0.6911782568948664
0.6911230566252978
0.6911411310950686
0.6911433534368977
0.6912051329075795
0.6912129292179969
0.6912439552851388
0.6911403510102231
0.691280771087395
0.6910837245384089
0.6911810026364074
0.6910438160063438
0.6911568046378845
0.6912127812169564
0.6910130178707193
0.6911454235828617
0.6912012210047863
0.691055556062087
0.690979382165029
0.6911260744584194
0.6911682548312446
0.6911304215552024
0.6910687473746194
0.6912075833715999
0.6910623726902753
0.691049453545593
0.6910813354332327
0.6912819756122255
0.6910442570730881
0.6909893886522841
0.6911292275937032
0.6911578861399484
0.6910196358167584
0.6911065996417768
0.6911297738742768
0.6911382607672356
0.6912366088887323
0.6910572638133361
0.69111213639083
0.6911563665075174
0.6911101024347623
0.6910544658652956
0.6909492796076008
0.6910539666811625
0.6910557439139617
0.6909815531393235
0.6910978135434162
0.6911232328842026
0.6909986716848264
0.6911401019520433
0.6909205240083671
0.6909535100501238
0.6910447271222574
0.690958264998267
0.6911818343557308
0.6909293755078575
0.69111305307442
0.6910516113252573
0.6910644344084551
0.6910435816300503
0.6909554231189721
0.6908586277690212
0.6909983767123842
0.6910718503626813
0.6909718457430658
0.6909790242320821
0.6909622829538542
0.691049579123389
0.6909240096788413
0.6909589953172383
0.6907623494121408
0.6909791643392255
0.6910013750205037
0.691069296629705
0.6911032528962681
0.691000769859846
0.6908085719942665
0.6908940547792407
0.6910833156192753
0.6910879408329325
