5.545166607476623
5.5450729451267975
5.54497144836992
5.5448821678576525
5.544813665608451
5.5447446462517735
5.544686168565708
5.5446450955884545
5.544572197773177
5.544497708365159
5.544485898789731
5.54444166184692
5.544394552898346
5.5443704794861155
5.544320552225534
5.544280859116782
5.544266462478589
5.544180774261611
5.544160017659095
5.544128448476566
5.544065853150625
5.5440385535368915
5.543957306037556
5.543997095245928
5.543894277500633
5.543882488975598
5.543816077121923
5.5437749150618485
5.543705503679741
5.543662409254624
5.543657554545924
5.543506787971892
5.543556873873115
5.543461320648877
5.54339106023426
5.543337827756934
5.543286951093131
5.543296557089036
5.5432111172056775
5.543170936276954
5.543014766768775
5.542977612215361
5.542860073533793
5.542881555002008
5.542717881181343
5.54268840391973
5.542595680295391
5.542586994720283
5.542456059141641
5.542443030778979
5.542324241276971
5.542213320960926
5.542209365317552
5.542057132842978
5.54196866658431
5.542014822773802
5.541864692592804
5.541684086019232
5.541702324811724
5.541628185023273
5.541476832699181
5.541287239743438
5.5412980544589985
5.5412350777853625
5.541021194201742
5.541024273355573
5.540894918997015
5.540913213313732
5.540737707341854
5.540587312353016
5.540649093730436
5.540404834124955
5.5403533582876525
5.5402286344053495
5.539996640772219
5.540059035051654
5.53992263125214
5.539707512712143
5.539592399401918
5.5394579487127595
5.539369099886083
5.539146915125832
5.539091829298706
5.5390524562169405
5.5388695633876655
5.538660823726837
5.538670387316879
5.538496517479153
5.538306071524885
5.538243898427113
5.53830328097499
5.5381484370314
5.5380284741988035
5.537848438121383
5.537790209989248
5.5374714850769235
5.537526839677905
5.537269655436335
5.537272172331123
5.537181257515173
5.537084603568948
5.536914308331978
5.536896036896123
5.536781646926206
5.536614198373512
5.536594729200816
5.536291710932287
5.5363553313208325
5.536257993084303
5.536038128748507
5.535937391331161
5.535932661704504
5.535705824197292
5.535569178165721
5.5354332884229
5.535381882448496
5.535215394281837
5.535140223329218
5.534966929479051
5.535008510411434
5.534904841498084
5.5345444188084425
5.534680325025484
5.534362173660093
5.534446390485123
5.534525162580299
5.534343494944899
5.534077379235227
5.53389970537797
5.533770575862013
5.533671283904971
5.533456840502933
5.533511082483878
5.533476497298697
5.533481571663669
5.533337553723531
5.532943604469909
5.533085092701976
5.532757205072307
5.5328960601748065
5.532865646628333
5.532655139649746
5.532246684845029
5.532473171512362
5.532312800162737
5.532274734645949
5.532373731592414
5.53216936278633
5.532050141293653
5.531954785454983
5.531873553514633
5.53192897980898
5.531708841513001
5.53161878884792
5.531574622378163
5.531506526187987
5.531498506598494
5.531460550299685
5.5314044445962836
5.531282218999002
5.531193887584879
5.531019341999037
5.531047696267956
5.530895471115259
5.531112874385568
5.53089578534576
5.53070001181165
5.530613539238733
5.530507932468934
5.530495257996933
5.530319478064871
5.530340215142385
5.530406623030045
5.530287413435415
5.530206748025202
5.530106125927398
5.530236985236502
5.530098363823869
5.529920829692409
5.530080760204098
5.529698092435616
5.529866997431427
5.529961235768812
5.5297672988052025
5.529935079588008
5.529556722268796
5.529698974111487
5.529674869886363
5.529558543585389
5.529507812138787
5.529439010607914
5.529334582355033
5.52929637863784
5.52954702047835
5.529228950873904
5.529320203411373
5.529416170321591
5.529090162888599
5.529152687741485
5.5289208524439175
5.528910553920597
5.5286806378697095
5.528897981649778
5.529163849941066
5.52880851595507
5.528519772293471
5.528684691138094
5.528692058165411
5.528731792154636
5.528792372744433
5.528601417309645
5.528589453974826
5.528488187246878
5.528536709012394
5.528466227721192
5.52842286452222
5.528337939305711
5.5283427747944875
5.528087534510929
5.528276369957609
5.528283999962297
5.52812839606902
5.528235787546032
5.527888119563946
5.527966163742642
5.528084197260978
5.527896616600755
5.527910205697068
5.527984982488709
5.527825011706703
5.527993347731753
5.528011344902346
5.527933018831435
5.52777115503947
5.527538864870371
5.527771072668367
5.5277440131511435
5.527886185673514
5.527493648931756
5.527565545175446
5.527680234427034
5.5274737422769835
5.527411404131928
5.527289783809708
5.527514941251514
5.52742438947857
5.527274236721788
5.527577647930983
5.527410530388089
5.527027096568356
5.527281249248287
5.527479603743599
5.527244265233563
5.527278748522641
5.5273293600735265
5.526861972711213
5.5271479462631525
5.527172910198521
5.527019920825043
5.526838772432665
5.527332557597682
5.527309980593808
5.527028654297422
5.5269887268886455
5.527133717723024
5.527081881283341
5.52679286823773
5.5268836241079615
5.527043498790348
5.526936049653564
5.526791919749742
5.526974196016064
5.526838561623659
5.526464627327556
5.526670138041179
5.526610041610415
5.526531633168402
5.526573834019598
5.526506546896692
5.526519330586673
5.526533375469752
5.526654523530985
5.526289585074475
5.526277633637704
5.526624966338897
5.526438213660788
5.526269388595455
5.526352661508668
5.526503615705767
5.526288021854003
5.526241380590243
5.526108067537528
5.526419556301065
5.526313476049968
5.5264285405476885
5.52628848069155
5.525943637733191
5.526289761714728
5.526026193102582
5.525978551182469
5.526283159823427
5.526049981571815
5.526268934334079
5.526099161390913
5.525898081937511
5.5260265979412955
5.526220775916648
5.525977333615548
5.526028236210995
5.525756403031596
5.525914912489234
5.525710744729655
5.525912408407727
5.525645657220256
5.526101956516981
5.52588581443977
5.525763096141266
5.525624677300529
5.525679913531186
5.5262448502441135
5.525809828928473
5.525607660346052
5.525681140250452
5.5258668349175135
5.525560337842769
5.5257650760985
5.525834338907545
5.525537210782979
5.525517984147417
5.525508299441347
5.525704316122747
5.525678553797843
5.525535242418715
5.525530283068207
5.525365517067741
5.525360868896953
5.525359407877663
5.5253891856412585
5.525609364512634
5.525345504855927
5.525470890147672
5.5255333259177375
5.5254205543874395
5.525524093947651
5.525152286961531
5.525117940957624
5.525363737851935
5.52512145606814
5.52521718105138
5.525406521707487
5.525201200142321
5.525193765692732
5.525256243258505
5.5250180553184896
5.525188815189491
5.525013168881661
5.525156781983085
5.525104069664016
5.525189938487262
5.52496537442247
5.525036104962525
5.525213468250218
5.52526290067403
5.525363887340231
5.525045137411497
5.524814861978542
5.524982452697656
5.524943782210884
5.525156515954934
5.525205088973579
5.5249530422481605
5.525137487315094
5.524914250035204
5.525105646002849
5.524922351080565
5.524605812053229
5.525053617974084
5.525025787219281
5.524856017326897
5.5245869920868484
5.524931385970161
5.5250036977303
5.524795863236362
5.52487048016705
5.52463479813901
5.524662476659812
5.524857684579021
5.524434090575879
5.524736939526031
5.524377125772389
5.524728184698182
5.524999076101311
5.524739203205951
5.524603554779951
5.524535227950689
5.52487989335356
5.524486042335105
5.524664878540137
5.524421936262135
5.5244728882802425
5.524471136826548
5.524649415348709
5.524399029773852
5.524621101655185
5.524343559853327
5.524756294904575
5.524430945830244
5.524634703869859
5.524309399947095
5.524354910286131
5.524540568343814
5.524515817658076
5.5244966685123655
5.524468012521149
5.524317327097907
5.524418775652435
5.524175231760309
5.524278270992345
5.524426369962979
5.524248671394392
5.524261072211287
5.524301802280692
5.524242403563672
5.524052649221585
5.524371474199545
5.5242553471146065
5.524224374359873
5.523941059869142
5.524151094586744
5.524174279306306
5.524160510824037
5.524309985392077
5.524087754870101
5.524244499145527
5.524164627548677
5.524238283178094
5.524030772677158
5.524322622339465
5.5239961313575945
5.52430091572357
5.523934931154062
5.524295956373062
5.524167447386075
5.524238744761345
5.523868711194547
5.524278366481808
5.52398929181041
5.524096467902244
5.52392847997137
5.524151946364956
5.523910801302372
5.5240672557535495
5.523845243362456
5.524335248609117
5.523874004910714
5.524007786258397
5.524069478858074
5.52406041864699
5.523875514132353
5.523844744864749
5.524259860745929
5.5237846133499975
5.523698655138852
5.524039121751059
5.523831548098944
5.523765509660932
5.523984529235313
5.523849245987866
5.523870818369372
5.524033444246571
5.523992455775968
5.52360848349329
5.524074145333552
5.523903319870747
5.523842047363691
5.523824707026368
5.523651497377773
5.523937616146915
5.523958407833419
5.523632860763365
5.523659688116111
5.523676010102548
5.523869221285224
5.523891860525042
5.5234813662728515
5.523886294069003
5.523806262916277
5.523619740877256
5.523706812623671
5.523641756232244
5.523629958859942
5.523640974011851
5.523823011707054
5.523484077197348
5.523749580920239
5.523579283547722
5.523505356398745
5.52344353780179
5.523702753863881
5.5234898569030175
5.523501367806931
5.5235454262790205
5.523513555374194
5.523488671369303
5.523574236029627
5.523671141360253
5.523545022965698
5.523620989562149
5.523503808737258
5.5234668503491
5.523399445160947
5.523516232740094
5.523557206872024
5.523486096814742
5.523558156580324
5.523464261760943
5.523388314079338
5.523462904468227
5.523387650839426
5.523297692443496
5.523675480181791
5.52354537502589
5.523244281800527
5.523418244992169
5.523416157952502
5.523555558229667
5.5236164252878535
5.523216030953103
5.523507588655614
5.523266004890642
5.523414230773789
5.523581844678843
5.523279776728771
5.523279587275236
5.5236048667917474
5.523405160190047
5.523181945180863
5.52323398266705
5.523550481729147
5.523233778569764
5.523218845299094
5.523348754594819
5.523259756890003
5.5232315286183615
5.523104169470945
5.523294929960792
5.523222895821775
5.52317503912664
5.523271450535731
5.523016574820569
5.522941077129245
5.523231731495335
5.5232566411267925
5.522874385213822
5.523372122666352
5.523068503393856
5.523013387669071
5.522739671547292
5.522993208579504
5.522724417944558
5.523128851514097
5.523145675049023
5.523178464544178
5.5229182255550295
5.5229047316431
5.522990947340211
5.523194989712667
5.523030821055231
5.523136596228172
5.522803313291309
5.5229767041563305
5.522650329409237
5.5229661457064205
5.5228856715802115
5.522675598727841
5.523142488507681
5.522969607733338
5.522964098937071
5.522784923790208
5.52282632777726
5.522734035228356
5.52281166419568
5.522568825034095
5.5227059729192325
5.523047087517444
5.52284634578556
5.52276527767218
5.522600104697454
5.5228736771274205
5.522783543616629
5.522604176880684
5.522779692920141
5.522706021731738
5.522618778226319
5.5226521961824755
5.522620160535445
5.522725315484494
5.522659021696065
5.522347506390728
5.522759711216142
5.522826791190979
5.522624842264831
5.52289802053382
5.522722255550587
5.522602336344167
5.522679597387235
5.522601777746063
5.522560605008253
5.522531845595542
5.522590818728534
5.522648475449282
5.522438160364855
5.522469664870815
5.522453042077316
5.522516261898243
5.522590818118378
5.522591144552005
5.52272569683219
5.522487475943733
5.522558400818574
5.522602484307073
5.522435426254419
5.5225454615387335
5.522522010180864
5.522373060957408
5.522617725096524
5.522480297759795
5.522109378856188
5.522216676674207
5.522282028076211
5.52246001585889
5.52256762455155
5.5225232994411515
5.522461021091415
5.522292741505823
5.522353089015909
5.522269372824134
5.522142648239282
5.522369918652398
5.522415622105907
5.522550918471714
5.522488050100823
5.522505027700218
5.522129842278596
5.52236442327957
5.522313951759558
5.522272855291288
5.522558403564277
5.522263778911061
5.522287288233781
5.522214497806014
5.5224135057787365
5.52208029636571
5.522352430962327
5.522265355249894
5.5221159389517815
5.522275291645443
5.522037515560938
5.522402259072507
5.522272091375584
5.522170343539384
5.522277063234296
5.522130352064195
5.52231267897349
5.522264327136508
5.522111645586889
5.5221505168150875
5.522353287011633
5.522270069012486
5.522268006073994
5.522085076940418
5.522069480734915
5.522087700307484
5.522417510234615
5.522221276947724
5.522250032089341
5.521867976917797
5.522164059234443
5.522194751622352
5.522073533393142
5.521810136539998
5.522116294062755
5.522256828925584
5.522127670122123
5.522228901155927
5.521984585416066
5.522092960159975
5.522349201710043
5.522008313784902
5.521960702677682
5.522139966602289
5.5220234233907455
5.522114424848892
5.522006915001555
5.521866282208639
5.521879054000571
5.522107887939239
5.52178635234186
5.521997848688907
5.522128751624187
5.521971346549475
5.522030975905581
5.521868122745155
5.522175715965715
5.522061371147366
5.521700181796318
5.522082697940956
5.521871845918974
5.521489099745406
5.521935179839131
5.522049147275801
5.521925831024111
5.522116434703785
5.521613420314386
5.521928167312632
5.522201965805513
5.521749678896699
5.521676076961037
5.521948137118583
5.5218058822251095
5.521719164064277
5.52181539974835
5.521827149223381
5.521920354566129
5.522064274576179
5.522005550997118
5.52188078836989
5.521830410508872
5.521889909291526
5.52184372900086
5.521873284972637
5.521964416699157
5.521582169633452
5.521734570816245
5.5219343704667825
5.52167017919012
5.521757710994396
5.521806371875551
5.521774441480484
5.521739765382011
5.521399193212762
5.521768702655287
5.521820617805134
5.521540050238123
5.521544337501453
5.521646409635733
5.521875692649446
5.521867497334934
5.521730706696318
5.521624875388997
5.521620556397539
5.521744040442215
5.521553444084416
5.521583699295327
5.521630961088057
5.521762454044491
5.521512453173187
5.521471934217867
5.5215564118847205
5.5215889512157865
5.521449195522569
5.5213979329348986
5.521574755013942
5.521282579528164
5.521496508873508
5.52141417804164
5.521570132469719
5.521768291409932
5.52150257443741
5.521670481522573
5.5214142158713315
5.521766286131212
5.521337977450243
5.521558366825546
5.521318414008396
5.521506465709293
5.521298706264581
5.52150654075852
5.521309100582442
5.5211818131283925
5.521332620582898
5.521516561355639
5.521479562087007
5.521422340712788
5.521440529472463
5.521311165656482
5.521329364788815
5.521267909234865
5.521504746593883
5.521426053208872
5.521484550114861
5.52130235164347
5.521445297538968
5.521561721159873
5.52114479402968
5.521460012068599
5.521494637829176
5.521744097796908
5.521480019094085
5.521190989879332
5.521843209147682
5.5214086765672485
5.52141058910221
5.521254818636259
5.521063597783475
5.521350412435892
5.521127623315812
5.521368456588521
5.521240210273826
5.521356885889289
5.5212273735002455
5.5212957503623254
5.521294389408671
5.521064113670637
5.521191427971565
5.521107457344606
5.521156644485581
5.52133078523271
5.521100683389226
5.521140237992495
5.521114813084032
5.52123431738416
5.520984051399939
5.521123259782944
5.521106434722627
5.5210976118623485
5.521155734437441
5.521068341443726
5.520974159240723
5.52123784347749
5.520885074283553
5.521146597041583
5.521154528158411
5.520858585567559
5.521085764457229
5.5209896087036325
5.521096350364172
5.5209773643918325
5.52111887886062
5.521042795724314
5.521217390427739
5.520892613374951
5.520883376828692
5.520813830296961
5.521235302786605
5.520795804449022
5.520875320019664
5.521278495141808
5.520927994203964
5.521088391180155
5.520772309464975
5.520713128268681
5.5210750177740975
5.520896777691783
5.521061929311038
5.5208531234482505
5.521248020579703
5.520866495939073
5.521025193935011
5.521057786959833
5.520947029860601
5.521121598632383
5.520719472674018
5.521083229867907
5.520697105563915
5.5209286705622365
5.521041533310903
5.520886209174295
5.52078827939122
5.521098783667547
5.520801509715621
5.520795220529431
5.5206811377732175
5.520839120360879
5.520993732750149
5.520798339038343
5.520716643379197
5.5205480370549
5.520813640843426
5.520890372270815
5.520854673550362
5.520941641875283
5.520778620006637
5.52074303111432
5.520771865881336
5.521064929754705
5.5206793393374864
5.520639693210771
5.520782521346099
5.520780538643161
5.5208337314603275
5.520614359215598
5.520592664497752
5.520644239790533
5.520849164449017
5.520798374122331
5.5207016881429
5.520589963640834
5.520749129931742
5.52074896488446
5.520670681219412
5.520609830635447
5.5208323592187805
5.52082591108687
5.520627512965382
5.520611744085643
5.520510665590917
5.520354703230806
5.5206076712922565
5.520601093807208
5.52049628451171
5.520523058780858
5.520751496117922
5.520595215256216
5.520579207195201
5.520745310658304
5.520480685255425
5.520444654609939
5.520510111568986
5.520573221561776
5.520648614916372
5.520721856859809
5.520597355989638
5.520664672705125
5.520592848154801
5.52027832874486
5.5205569682179245
5.520804807000334
5.5203461369412565
5.520360244975514
5.5205696307918775
5.520393374022657
5.52017010623495
5.520181521344322
5.5202967807869845
5.5208093340550946
5.520577308998913
5.520470112771921
5.5203745732762
5.520514283512772
5.520222607745014
5.5204248959180715
5.520489721670413
5.5206018439943945
5.520347368541774
5.52035802004052
5.52050236044827
5.520232322348743
5.520325299493029
5.5204825193853
5.520287830404036
5.5202779394651325
5.520420268492598
5.520291406530184
5.520166426687307
5.520362562959345
5.520198138341336
5.520119843998553
5.520201781889757
5.520247067691268
5.520308330130745
5.520342238957655
5.520515613043377
5.52012582108979
5.520391609450601
5.520217974523055
5.520088853549286
5.520385055761649
5.52028043683492
5.520423856516794
5.520197333850239
5.520190477523755
5.5202327375601135
5.52026096156066
5.519999155995179
5.520052353693595
5.520197171243581
5.520205200900653
5.519956673251767
5.520211272566119
5.5201656066372236
5.520084993700453
5.520263113887053
5.520087851367543
5.520002988692056
5.520151318301776
5.520134021285552
5.519988608528084
5.519844012159761
5.519872936314676
5.520027252167978
5.52007042347279
5.519993760687986
5.519866644382782
5.519965580008538
5.520213429163605
5.519881103256918
5.520083592476482
5.51992480082155
5.520111450993397
