3.701503014625491
3.701337238711774
3.7012732913122153
3.7012349467753145
3.7011598723623758
3.7011040446093624
3.7011186009477774
3.701041663089372
3.7009484200831264
3.700935438161006
3.700847662318393
3.700776685534231
3.7007862344727185
3.700770723240455
3.700635073434971
3.7005428341038695
3.7005203983667867
3.7003775252710525
3.700277808986966
3.7001867891882387
3.6999708014680905
3.699906244302345
3.6999345508682757
3.699794105861498
3.699564200837899
3.6994311718074866
3.699386093012817
3.6992562506204982
3.699133346147854
3.6989567517624486
3.698777496357403
3.69864281242156
3.6984326101629934
3.6983494953731135
3.698155940950984
3.698153720182531
3.697951694888532
3.697695179668534
3.697758386811942
3.6974629721678127
3.6972964864862545
3.697119531119266
3.6970799926601714
3.696883449164193
3.6969053739172115
3.69665210875099
3.6965695744585196
3.6963819603785835
3.696147063808978
3.6959801537301535
3.6958964316131513
3.695880003292542
3.6957046772208053
3.6955357354010463
3.6952835909850763
3.6951490533931177
3.6949267411780786
3.6947091461142616
3.6945852196734883
3.6945539264727736
3.6942786767964475
3.6939951647882876
3.6938946521495613
3.6938301791315493
3.6935151812365596
3.693273869926667
3.6931480580888443
3.692981860216926
3.6926798296096686
3.692420377755714
3.692370401319031
3.692047372803359
3.6919640641078315
3.6917604339092285
3.6915066614175394
3.691356085755331
3.6911315113077383
3.6910958326686067
3.6906027220704063
3.6904297960383814
3.690433976595359
3.6898353325436486
3.689599822549259
3.689644362310619
3.689475427808054
3.689073793113689
3.688662502161987
3.6885351342008548
3.6886849683873795
3.6880273794579077
3.6879564087714076
3.687356814703978
3.687390953073721
3.687290597754671
3.6870200798639554
3.686763856112195
3.6864203565260945
3.686364425112829
3.68584622019697
3.6857181229554783
3.6855805548255707
3.6855071682454374
3.685171580985379
3.684601815460283
3.684558894018383
3.684270691688713
3.683897723322329
3.6834756334114562
3.6834023419548485
3.6830806598029175
3.6832706495319183
3.6826727542730855
3.682502881950125
3.682324624122561
3.681708310266285
3.68160016945256
3.681243335499483
3.6813178294150117
3.6809671297097757
3.680853208312598
3.680400871559787
3.680264082711066
3.6804484674692763
3.679831425552173
3.679620236691916
3.6790950877587205
3.6788290553080762
3.6786246299743652
3.6784610540970513
3.6778551160222124
3.6776752910955484
3.6775612770139103
3.6767303486309393
3.676761050358453
3.6764645503305107
3.6758403753685522
3.6756200961139807
3.6754990404524155
3.6752068648862717
3.6751584799393364
3.6748298574286653
3.674709720074978
3.674200031153686
3.6740993148530534
3.6741779478614593
3.6735944199135235
3.6731760837232974
3.672899371827655
3.6725693956360486
3.672033947751955
3.67183130293551
3.6715867574257617
3.6714356110224027
3.67100675026779
3.6704472934498504
3.6703734727161925
3.6696268859726695
3.6696926565731274
3.6692126010689896
3.669209943707947
3.6687759365267154
3.6684566288043166
3.6679972858380174
3.6678351758386167
3.6674271776243246
3.6671689123753697
3.666871463551241
3.6664401551951533
3.6664041033791155
3.6663566001540864
3.66637134064189
3.6659351761078898
3.6658030007501394
3.6653644947139807
3.6653553555383707
3.66505386274489
3.6649156763120687
3.664746925958892
3.6646566951976105
3.6644413648054117
3.663759665720908
3.663133074865317
3.6632230556224616
3.6627967156412655
3.662501547342676
3.6617989698639306
3.6613858301011497
3.661169321640678
3.6602657859587606
3.6601611403248193
3.6604237214988453
3.6600193160269265
3.6598578889656554
3.6596114300096128
3.6593258130885755
3.6595391580820693
3.6587167749624423
3.6580387125234775
3.6582423488197424
3.658221066760285
